Seed 302934307671667531413257853548643485645: [5, 6, 4, 6, 5, 6, 5, 5, 4, 5, 6, 1, 5]
Seed 272996653310673477252411125948039410165: null
Seed 288918539441861185822528903084949547379: [5, 6, 4, 6, 5, 5, 5, 4, 4, 5, 5, 1, 6]
Seed 44380577570523278879349135829904343037: [5, 6, 4, 6, 5, 6, 5, 4, 4, 5, 6, 1, 5]
Seed 245417395560637822757299683806493386199: [5, 6, 4, 6, 5, 6, 5, 5, 4, 5, 6, 1, 5]
Seed 122003312826609799601279071269261048901: [5, 6, 4, 6, 5, 6, 5, 5, 4, 5, 6, 1, 6]
Seed 27416410764851856227946355352673998334: [5, 6, 4, 6, 5, 6, 5, 5, 4, 5, 6, 1, 5]
Seed 134351473349708985578604307872871789624: [5, 6, 4, 6, 5, 6, 5, 5, 4, 5, 6, 1, 5]
Seed 127731606602957775792738959244254602547: [5, 6, 4, 6, 5, 5, 5, 4, 4, 5, 5, 1, 3]
Seed 90901135166841322720069264592089884270: [5, 6, 4, 6, 5, 5, 5, 4, 4, 5, 5, 1, 4]
Seed 164207228320579316746596838417247989971: [5, 6, 4, 6, 5, 5, 5, 4, 4, 5, 5, 1, 6]
Seed 291575370512301119542699779265355785581: [5, 6, 4, 6, 5, 6, 5, 4, 4, 5, 6, 1, 6]
Seed 180053872426721412860252421040604280542: [5, 6, 4, 6, 5, 6, 5, 5, 4, 5, 6, 1, 5]
Seed 309500469587760045931331019293577863547: [5, 6, 4, 6, 5, 5, 5, 4, 4, 5, 5, 1, 6]
Seed 256983031818030469173405653554530164085: [5, 6, 4, 5, 6, 5, 5, 6, 5, 5, 1, 4]
Seed 177394946481752750756132830423818050556: [5, 6, 3, 6, 5, 4, 5, 4, 4, 5, 4, 1, 6]
Seed 96957824676457021133183401241474810283: [5, 6, 4, 6, 5, 5, 5, 4, 4, 5, 5, 1, 6]
Seed 103249665291245201840084870758913850561: [5, 6, 4, 6, 5, 6, 5, 4, 4, 5, 6, 1, 5]
Seed 152727411995508698763383220103352377287: [5, 6, 4, 6, 5, 6, 5, 4, 4, 5, 6, 1, 5]
Seed 304692570192987703443784004264080711255: [5, 6, 4, 6, 5, 6, 5, 5, 4, 5, 6, 1, 5]
Seed 267693080802030053405902112149080637544: [5, 6, 4, 6, 5, 5, 5, 4, 4, 5, 5, 1, 6]
Seed 142248265093922846942417632754885337351: [5, 6, 4, 6, 5, 5, 5, 4, 4, 5, 5, 1, 6]
Seed 82558307510532134460281384430778267071: [5, 6, 4, 6, 5, 6, 5, 5, 4, 5, 6, 1, 6]
Seed 98653522258127709034707332614634862604: [5, 6, 4, 6, 5, 6, 5, 5, 4, 5, 6, 1, 6]
Seed 198309330047429312754211021473397349416: [5, 6, 4, 6, 5, 6, 5, 5, 4, 5, 6, 1, 6]
Seed 287040839515281679946199929791956687350: [5, 6, 4, 6, 5, 6, 5, 5, 4, 5, 6, 1, 5]
Seed 224411905940597168698451271894531209974: [5, 6, 4, 6, 5, 6, 5, 5, 4, 5, 6, 1, 6]
Seed 94332552388290796150371598072220477921: [5, 6, 4, 6, 5, 5, 5, 4, 4, 5, 5, 1, 6]
Seed 185676948925668287351908917075130368716: [5, 6, 4, 6, 5, 5, 5, 4, 4, 5, 5, 1, 6]
Seed 203669583361595421842612955646778247105: [5, 6, 4, 5, 6, 5, 5, 6, 4, 5, 5, 1, 6]
Seed 207913663780972138875003863080298954714: [5, 6, 4, 6, 5, 5, 5, 4, 4, 5, 5, 1, 6]
Seed 259967859383992368831961048173869574851: [5, 6, 4, 6, 5, 6, 5, 5, 4, 5, 6, 1, 5]
Seed 49220167261264914243869796324296747491: [5, 6, 4, 6, 5, 5, 5, 4, 4, 5, 5, 1, 6]
Seed 79359871540946872063592861737714518840: [5, 6, 3, 5, 6, 4, 4, 5, 4, 4, 4, 1, 6]
Seed 9416447722210333577351425857193266996: [5, 6, 4, 6, 5, 5, 5, 4, 4, 5, 5, 1, 6]
Seed 44823849807213110061931625275129806822: [5, 6, 4, 6, 5, 6, 5, 5, 4, 5, 6, 1, 6]
Seed 7094745124785778998541925512462579634: [5, 6, 4, 6, 5, 6, 5, 5, 4, 5, 6, 1, 6]
Seed 318270694293544160191932302724802533851: [5, 6, 4, 6, 5, 5, 5, 4, 4, 5, 5, 1, 6]
Seed 256745914186316450044585342588933147722: [5, 6, 4, 6, 5, 5, 5, 4, 4, 5, 5, 1, 6]
Seed 8826696636888813344256134538352709550: [5, 6, 4, 6, 5, 5, 6, 5, 4, 5, 6, 1, 6]
Seed 178298649275768885704339140530665897930: [5, 6, 4, 6, 5, 6, 5, 5, 4, 5, 6, 1, 5]
Seed 337764512730885052447056951969585992289: [5, 6, 4, 6, 5, 6, 5, 5, 4, 5, 6, 1, 6]
Seed 252336560693540533935881068298825202077: [5, 6, 4, 6, 5, 6, 5, 4, 4, 5, 6, 1, 6]
Seed 259527983879686966983053533505101138069: [5, 6, 4, 6, 5, 6, 5, 5, 4, 5, 6, 1, 5]
Seed 238746946990112733255950708582148066984: [5, 6, 4, 6, 5, 6, 5, 5, 4, 5, 6, 1, 6]
Seed 87677365645498720773058440935899766916: [5, 6, 3, 6, 5, 4, 5, 6, 4, 5, 4, 1, 6]
Seed 13598266204476532818125190667295885670: [5, 6, 4, 5, 6, 5, 5, 6, 5, 5, 5, 1, 6]
Seed 188393955979158774488383928710722656417: [5, 6, 4, 6, 5, 6, 5, 5, 4, 5, 6, 1, 6]
Seed 189505035227167667375583000814146556481: [5, 6, 4, 6, 5, 6, 5, 5, 4, 5, 6, 1, 5]
Seed 317593033898841603629548654049223462653: [5, 6, 4, 6, 5, 6, 5, 5, 4, 5, 6, 1, 5]
Seed 123895991352560919458936992272473820769: [5, 6, 4, 6, 5, 6, 5, 5, 4, 5, 6, 1, 6]
Seed 187934362683814771154519471134757826063: [5, 6, 3, 6, 5, 4, 5, 4, 4, 5, 4, 1, 4]
Seed 299459170815067395963910608162399811269: [5, 6, 4, 6, 5, 6, 5, 5, 4, 5, 6, 1, 6]
Seed 73519163656468762098485225662436932564: [5, 6, 4, 6, 5, 6, 5, 5, 4, 5, 6, 1, 6]
Seed 149362751140622749983999850910300012922: [5, 6, 4, 6, 5, 6, 5, 4, 4, 5, 6, 1, 5]
Seed 66779320296846983051085941327477637937: [5, 6, 4, 6, 5, 6, 5, 5, 4, 5, 6, 1, 5]
Seed 3912015194389869267099611563599231689: [5, 6, 4, 6, 5, 6, 5, 5, 4, 5, 6, 1, 5]
Seed 205971099545531868516316600362588280373: [5, 6, 4, 6, 5, 5, 5, 4, 4, 5, 5, 1, 6]
Seed 251235536123864232597725760995078209658: [5, 6, 4, 6, 5, 5, 5, 4, 4, 5, 5, 1, 6]
Seed 221368022347190690450553908890402306085: [5, 6, 4, 6, 5, 6, 5, 5, 4, 5, 6, 1, 6]
Seed 52450046341858312771208713998959406207: [5, 6, 4, 5, 6, 5, 5, 6, 5, 5, 5, 1, 6]
Seed 73764040212501732924180548010707958407: [5, 6, 4, 6, 5, 6, 5, 5, 4, 5, 6, 1, 5]
Seed 22170849632755170231378335526804314876: [5, 6, 4, 6, 5, 6, 5, 5, 4, 5, 6, 1, 6]
Seed 316630471056746636354244125937785677028: [5, 6, 4, 6, 5, 6, 5, 5, 4, 5, 6, 1, 6]
Seed 208589471002226881983821435202353594904: [5, 6, 4, 6, 5, 5, 5, 4, 4, 5, 5, 1, 6]
Seed 174986528333923674641085457071201888675: [5, 6, 4, 6, 5, 6, 5, 5, 4, 5, 6, 1, 6]
Seed 314348185479779954613122993502537418917: [5, 6, 4, 6, 5, 6, 5, 5, 4, 5, 6, 1, 5]
Seed 138966486927326956102672245740257259280: [5, 6, 4, 6, 5, 6, 5, 5, 4, 5, 6, 1, 6]
Seed 234657620511613689441401225075580863473: [5, 6, 4, 6, 5, 6, 5, 5, 4, 5, 6, 1, 6]
Seed 272699501689363123245004373713685736018: [5, 6, 4, 6, 5, 5, 5, 4, 4, 5, 5, 1, 4]
Seed 239235259292011844987499477716745757445: [5, 6, 4, 6, 5, 6, 5, 5, 4, 5, 6, 1, 6]
Seed 271763112080182230436978313467189624793: [5, 6, 3, 4, 5, 4, 5, 6, 4, 4, 5, 1, 6]
Seed 251251851847846351142461239972112111327: [5, 6, 4, 6, 5, 5, 6, 5, 4, 6, 6, 1, 5]
Seed 163411749844882795571301368907648072871: [5, 6, 3, 6, 5, 4, 5, 4, 4, 5, 4, 1, 5]
Seed 295113578789889966844590621325205645770: [5, 6, 4, 6, 5, 6, 5, 5, 4, 5, 6, 1, 6]
Seed 154609651200953056265679163509780944421: [5, 6, 4, 6, 5, 6, 6, 5, 5, 6, 6, 1, 5]
Seed 132588503156437908988438550476710792385: null
Seed 67142585016974355488185790212185707325: [5, 6, 4, 6, 5, 5, 5, 4, 4, 5, 5, 1, 4]
Seed 102157177089316515186989898284342027220: [5, 6, 3, 4, 5, 4, 3, 5, 4, 4, 3, 1, 6]
Seed 202759441446819098246046395020812271661: [5, 6, 4, 6, 5, 5, 5, 4, 4, 5, 5, 1, 4]
Seed 305769875351207079705944017574817722651: [5, 6, 4, 6, 5, 6, 5, 5, 4, 5, 6, 1, 5]
Seed 115045319289088006023785282355362877322: [5, 6, 4, 5, 6, 5, 5, 6, 5, 5, 4, 1, 6]
Seed 334641900550463674125029085641622448115: [5, 6, 4, 6, 5, 6, 5, 5, 4, 5, 6, 1, 5]
Seed 156502665487597989029542262506510358312: [5, 6, 4, 6, 5, 6, 5, 4, 4, 5, 6, 1, 5]
Seed 263686119670046415346642940827634343903: [5, 6, 4, 6, 5, 5, 5, 4, 4, 5, 5, 1, 6]
Seed 279072529952872317389370565228922158811: [5, 6, 4, 6, 5, 6, 5, 5, 4, 5, 6, 1, 5]
Seed 189265173304043722293201803464549691790: [5, 6, 3, 6, 5, 4, 5, 4, 4, 5, 4, 1, 6]
Seed 297789710954820883133588687865060870968: [5, 6, 4, 6, 5, 5, 5, 4, 4, 5, 5, 1, 6]
Seed 113248714755125519246991298994213344436: [5, 6, 4, 6, 5, 5, 5, 4, 4, 5, 5, 1, 3]
Seed 239296678731389005857857908081250425753: [5, 6, 4, 6, 5, 6, 5, 5, 4, 5, 6, 1, 5]
Seed 163685561153669920494465789046437429013: [5, 6, 4, 6, 5, 5, 5, 4, 4, 5, 5, 1, 6]
Seed 329225784503810097057830149911402879440: [5, 6, 4, 6, 5, 6, 5, 5, 4, 5, 6, 1, 5]
Seed 187184631736740911199801504763289900154: [5, 6, 3, 5, 6, 4, 5, 6, 5, 5, 4, 1, 6]
Seed 313060457358711168747711827433594246557: [5, 6, 4, 6, 5, 6, 5, 5, 4, 5, 6, 1, 5]
Seed 280313629572382991438552990871226888143: [5, 6, 4, 6, 5, 6, 5, 5, 4, 5, 6, 1, 6]
Seed 330013237278727503813432098867054768470: [5, 6, 4, 6, 5, 6, 5, 5, 4, 5, 6, 1, 6]
Seed 229138858698523256126398001770399745216: [5, 6, 3, 4, 5, 6, 5, 4, 4, 5, 6, 1, 6]
Seed 338631467499379094366156729978649915749: [5, 6, 4, 6, 5, 6, 5, 5, 4, 5, 6, 1, 5]
Seed 14659480334758888223965702926324525491: [5, 6, 4, 5, 6, 5, 5, 6, 5, 5, 4, 1, 6]
Seed 203978557734361352510864929655255407465: [5, 6, 4, 6, 5, 6, 5, 4, 4, 5, 6, 1, 6]

Unique entries: 24
Errors: 3