ID, AD1, AD2, AD3, MP1, MP2, ON1, ON2, ON3, OP1, OP2, OP3, CON1, CON2, CON3, DSU1, DSU2, DSU3, DSU4, DSU5, TRY1, TRY2, TRY3, PEU1, PEU2, PEU3, PEU4, PU1, PU2, PU3, PU4, SSE1, SSE2, SSE3, SSE4, SSE5, CHECK
0, 4, 3, 3, 6, 5, 4, 4, 5, 4, 5, 5, 7, 7, 2, 6, 6, 5, 5, 7, 5, 5, 3, 6, 5, 5, 5, 6, 6, 6, 6, 6, 6, 6, 7, 6, 1
1, 5, 4, 3, 6, 6, 5, 5, 5, 5, 5, 5, 6, 6, 2, 5, 5, 5, 5, 5, 4, 4, 4, 5, 5, 6, 6, 6, 6, 6, 6, 6, 6, 6, 6, 6, 1
2, 5, 5, 4, 6, 6, 6, 6, 6, 5, 6, 6, 6, 6, 2, 6, 6, 6, 6, 6, 5, 5, 5, 6, 6, 6, 6, 6, 6, 6, 6, 6, 6, 6, 6, 6, 1
3, 4, 4, 3, 6, 6, 5, 5, 5, 5, 5, 5, 6, 6, 2, 6, 5, 5, 5, 6, 5, 5, 3, 5, 4, 5, 5, 6, 6, 6, 6, 6, 6, 6, 6, 6, 1
4, 5, 5, 5, 6, 6, 6, 6, 6, 5, 5, 5, 6, 6, 2, 6, 6, 6, 6, 6, 5, 5, 5, 5, 5, 5, 6, 6, 6, 6, 6, 6, 6, 6, 6, 6, 1
5, 4, 4, 3, 6, 5, 5, 5, 5, 5, 5, 5, 6, 6, 2, 6, 6, 6, 6, 6, 4, 4, 4, 6, 4, 6, 6, 6, 6, 6, 6, 6, 6, 6, 6, 6, 1
6, 3, 2, 2, 5, 5, 3, 3, 4, 4, 4, 3, 6, 6, 2, 5, 5, 4, 5, 6, 3, 3, 2, 5, 4, 5, 5, 6, 6, 6, 6, 5, 5, 6, 6, 5, 1
7, 5, 4, 5, 5, 5, 5, 5, 5, 4, 5, 4, 6, 6, 2, 6, 6, 5, 6, 6, 5, 5, 4, 5, 5, 5, 6, 6, 6, 6, 6, 6, 6, 6, 6, 6, 1
8, 4, 3, 3, 5, 5, 5, 5, 5, 5, 5, 4, 6, 6, 2, 6, 5, 5, 5, 6, 4, 4, 3, 6, 5, 6, 6, 6, 5, 5, 6, 5, 6, 6, 6, 6, 1
9, 4, 4, 4, 5, 6, 5, 5, 5, 5, 5, 5, 6, 6, 2, 6, 6, 5, 6, 6, 5, 4, 4, 6, 5, 6, 6, 6, 6, 6, 6, 6, 6, 6, 6, 6, 1
10, 5, 4, 4, 5, 5, 5, 4, 5, 5, 5, 5, 6, 6, 2, 6, 5, 5, 5, 6, 5, 5, 4, 5, 5, 6, 6, 6, 6, 6, 6, 6, 6, 6, 6, 6, 1
11, 5, 4, 3, 6, 5, 5, 5, 5, 4, 4, 5, 7, 7, 2, 7, 6, 5, 6, 7, 5, 4, 4, 6, 5, 6, 6, 6, 6, 6, 6, 7, 7, 6, 7, 7, 1
12, 5, 4, 5, 6, 6, 6, 6, 6, 5, 5, 5, 6, 6, 2, 6, 6, 6, 6, 6, 5, 5, 5, 6, 5, 6, 6, 6, 6, 6, 6, 6, 6, 6, 6, 6, 1
14, 4, 3, 4, 5, 5, 5, 5, 5, 4, 5, 5, 6, 6, 2, 6, 5, 5, 5, 6, 5, 6, 5, 6, 5, 5, 6, 6, 6, 6, 6, 5, 5, 6, 6, 5, 1
15, 3, 3, 3, 5, 5, 4, 5, 4, 4, 5, 4, 6, 6, 2, 5, 5, 5, 5, 6, 4, 4, 4, 5, 4, 5, 5, 6, 6, 6, 6, 6, 6, 6, 6, 6, 1
16, 5, 5, 4, 6, 6, 6, 6, 6, 5, 6, 5, 7, 7, 1, 6, 5, 5, 6, 6, 5, 5, 4, 6, 5, 5, 6, 6, 6, 6, 6, 6, 6, 6, 6, 6, 1
17, 4, 4, 4, 5, 5, 5, 5, 5, 5, 5, 5, 7, 7, 2, 6, 6, 5, 6, 6, 5, 5, 4, 6, 6, 6, 6, 6, 6, 6, 6, 6, 6, 6, 6, 6, 1
18, 5, 3, 4, 6, 6, 5, 5, 5, 4, 5, 4, 7, 7, 2, 6, 5, 5, 6, 7, 5, 4, 3, 5, 4, 5, 6, 7, 7, 7, 7, 6, 6, 6, 7, 6, 1
19, 5, 4, 5, 6, 6, 5, 5, 6, 5, 5, 5, 6, 6, 2, 6, 6, 6, 6, 6, 5, 5, 5, 6, 6, 6, 6, 6, 6, 6, 6, 6, 6, 6, 6, 6, 1
20, 5, 3, 4, 5, 5, 5, 5, 5, 5, 6, 5, 6, 6, 2, 6, 6, 6, 6, 6, 5, 5, 4, 6, 5, 6, 6, 6, 6, 6, 6, 6, 6, 6, 6, 6, 1
21, 4, 4, 3, 6, 6, 5, 5, 5, 5, 5, 5, 6, 6, 2, 6, 5, 5, 5, 6, 4, 4, 3, 5, 5, 6, 6, 6, 5, 6, 6, 6, 6, 6, 6, 6, 1
22, 5, 4, 4, 5, 5, 5, 5, 5, 5, 5, 5, 6, 6, 2, 6, 6, 5, 6, 6, 5, 5, 4, 6, 5, 6, 6, 6, 6, 6, 6, 6, 6, 6, 6, 6, 1
23, 4, 3, 3, 6, 6, 5, 5, 5, 4, 5, 5, 6, 6, 2, 5, 5, 5, 5, 6, 4, 4, 4, 6, 5, 6, 6, 6, 6, 5, 6, 6, 6, 6, 6, 6, 1
24, 2, 2, 2, 4, 4, 3, 3, 3, 4, 4, 4, 6, 6, 1, 5, 5, 4, 5, 6, 3, 3, 3, 5, 5, 5, 5, 6, 6, 6, 6, 5, 6, 5, 6, 5, 1
26, 6, 5, 5, 6, 6, 6, 6, 6, 6, 6, 6, 7, 7, 1, 6, 6, 6, 6, 6, 6, 6, 5, 6, 6, 6, 6, 6, 6, 6, 6, 6, 6, 6, 6, 6, 1
27, 4, 3, 3, 6, 6, 5, 5, 5, 4, 5, 5, 7, 7, 2, 6, 6, 5, 6, 6, 5, 5, 4, 5, 4, 5, 5, 6, 6, 6, 6, 6, 6, 6, 6, 6, 1
28, 5, 4, 3, 6, 6, 5, 5, 5, 5, 6, 5, 7, 7, 2, 6, 6, 5, 6, 7, 4, 4, 4, 6, 5, 6, 6, 6, 6, 6, 6, 6, 6, 7, 7, 6, 1
30, 5, 5, 4, 6, 6, 5, 5, 5, 5, 5, 5, 7, 7, 2, 6, 6, 6, 6, 6, 5, 5, 4, 6, 5, 6, 6, 7, 6, 6, 6, 6, 6, 6, 6, 6, 1
31, 5, 4, 3, 6, 6, 6, 5, 6, 5, 6, 4, 7, 7, 1, 7, 5, 6, 7, 7, 6, 5, 5, 6, 5, 6, 7, 7, 7, 7, 7, 7, 7, 7, 7, 6, 1
32, 5, 5, 4, 6, 6, 6, 6, 6, 5, 6, 5, 6, 6, 2, 6, 6, 6, 6, 6, 5, 5, 5, 6, 6, 6, 6, 6, 6, 6, 6, 6, 6, 6, 6, 6, 1
33, 5, 4, 4, 6, 6, 6, 6, 6, 5, 5, 5, 7, 6, 1, 6, 6, 6, 6, 6, 5, 5, 4, 6, 6, 6, 6, 6, 6, 6, 6, 6, 6, 6, 6, 6, 1
34, 6, 5, 5, 6, 6, 6, 6, 6, 6, 6, 6, 7, 7, 1, 6, 6, 6, 6, 6, 5, 5, 5, 6, 6, 6, 6, 6, 6, 6, 6, 6, 6, 6, 6, 6, 1
35, 5, 4, 4, 6, 6, 6, 6, 6, 6, 6, 5, 6, 6, 1, 6, 6, 6, 6, 6, 5, 5, 5, 6, 6, 6, 6, 6, 6, 6, 6, 6, 6, 6, 6, 6, 1
36, 5, 4, 4, 6, 5, 5, 5, 5, 5, 5, 5, 6, 6, 2, 5, 5, 5, 5, 6, 4, 4, 4, 6, 5, 6, 6, 6, 6, 6, 6, 6, 6, 6, 6, 6, 1
37, 5, 5, 5, 6, 6, 6, 6, 6, 5, 5, 5, 6, 6, 1, 6, 6, 6, 6, 6, 5, 5, 5, 6, 6, 6, 6, 6, 6, 6, 6, 6, 6, 6, 6, 6, 1
38, 5, 4, 4, 6, 6, 6, 6, 6, 4, 5, 5, 6, 6, 2, 6, 5, 5, 5, 6, 5, 5, 5, 5, 5, 4, 5, 6, 6, 6, 6, 6, 6, 6, 7, 6, 1
39, 3, 3, 3, 5, 5, 4, 4, 4, 4, 5, 6, 6, 6, 2, 5, 5, 4, 5, 6, 4, 4, 3, 5, 5, 5, 6, 6, 6, 5, 6, 5, 6, 6, 6, 5, 1
40, 5, 4, 3, 6, 6, 6, 6, 6, 5, 5, 5, 6, 6, 2, 6, 6, 5, 5, 6, 5, 5, 4, 5, 4, 5, 5, 6, 6, 6, 6, 6, 6, 6, 6, 6, 1
41, 3, 3, 3, 5, 5, 5, 4, 4, 4, 5, 5, 7, 7, 2, 5, 5, 4, 5, 6, 5, 4, 3, 6, 5, 5, 6, 6, 6, 6, 6, 5, 6, 6, 6, 6, 1
42, 4, 3, 3, 5, 5, 5, 5, 5, 4, 5, 5, 6, 6, 1, 6, 6, 5, 6, 6, 4, 4, 4, 6, 5, 6, 6, 6, 6, 6, 6, 5, 5, 6, 6, 5, 1
43, 5, 5, 5, 6, 6, 6, 6, 6, 5, 6, 6, 6, 6, 2, 6, 6, 6, 6, 6, 6, 6, 5, 6, 5, 5, 6, 6, 6, 6, 6, 5, 5, 5, 5, 5, 1
44, 5, 3, 3, 6, 6, 6, 6, 6, 5, 5, 5, 6, 6, 2, 6, 5, 5, 5, 6, 5, 4, 4, 6, 5, 6, 6, 6, 6, 6, 6, 6, 6, 6, 6, 6, 1
45, 4, 4, 3, 5, 5, 5, 5, 5, 4, 5, 5, 6, 6, 2, 6, 6, 5, 5, 6, 4, 4, 4, 5, 3, 5, 5, 6, 6, 6, 6, 5, 6, 6, 6, 6, 1
46, 4, 3, 3, 7, 7, 6, 6, 5, 4, 5, 5, 7, 7, 2, 6, 4, 4, 4, 6, 5, 5, 3, 6, 6, 6, 6, 6, 5, 5, 6, 5, 5, 6, 6, 5, 1
47, 4, 4, 4, 6, 6, 5, 4, 5, 5, 5, 5, 7, 7, 2, 6, 6, 5, 6, 7, 5, 4, 4, 6, 4, 5, 5, 6, 6, 6, 6, 6, 6, 6, 6, 6, 1
48, 4, 3, 4, 5, 5, 4, 4, 4, 4, 6, 5, 6, 6, 1, 6, 6, 5, 6, 6, 4, 2, 2, 6, 6, 6, 6, 6, 6, 6, 6, 6, 6, 6, 6, 6, 1
49, 5, 4, 4, 6, 6, 5, 5, 5, 5, 5, 5, 6, 6, 2, 6, 5, 5, 5, 6, 5, 5, 4, 6, 5, 6, 6, 6, 6, 6, 6, 5, 5, 5, 6, 5, 1
50, 5, 4, 4, 6, 6, 5, 5, 5, 5, 5, 5, 6, 6, 2, 6, 6, 6, 6, 6, 5, 5, 5, 6, 5, 6, 6, 6, 6, 6, 6, 6, 6, 6, 6, 6, 1
51, 5, 4, 4, 6, 6, 5, 6, 5, 6, 6, 6, 7, 7, 2, 7, 6, 6, 6, 7, 5, 5, 4, 6, 6, 6, 6, 7, 7, 6, 7, 6, 7, 7, 7, 6, 1
52, 3, 2, 2, 4, 4, 3, 3, 3, 4, 4, 4, 6, 6, 1, 5, 5, 4, 5, 6, 3, 2, 2, 6, 5, 5, 5, 6, 6, 6, 6, 5, 6, 6, 6, 5, 1
53, 3, 3, 2, 5, 5, 4, 4, 4, 4, 5, 5, 6, 6, 2, 5, 5, 5, 5, 6, 4, 3, 3, 6, 5, 5, 6, 6, 6, 6, 6, 6, 6, 6, 6, 6, 1
54, 6, 5, 5, 6, 6, 6, 6, 6, 6, 6, 6, 6, 6, 2, 6, 6, 6, 6, 6, 6, 6, 6, 6, 6, 6, 6, 6, 6, 6, 6, 6, 6, 6, 6, 6, 1
55, 5, 4, 5, 6, 6, 5, 5, 5, 5, 6, 6, 6, 6, 1, 6, 6, 6, 6, 6, 5, 5, 5, 6, 6, 6, 6, 6, 6, 6, 6, 6, 6, 6, 6, 6, 1
56, 3, 3, 2, 4, 4, 4, 3, 3, 4, 5, 5, 6, 6, 2, 5, 5, 4, 5, 6, 2, 3, 3, 6, 6, 5, 6, 6, 6, 6, 6, 6, 6, 6, 6, 6, 1
57, 5, 4, 3, 5, 5, 5, 4, 4, 4, 5, 4, 6, 6, 2, 6, 5, 5, 5, 6, 5, 5, 3, 6, 5, 5, 6, 6, 5, 5, 6, 6, 6, 6, 6, 6, 1
59, 4, 3, 4, 6, 6, 5, 5, 5, 4, 6, 5, 7, 7, 1, 6, 6, 6, 6, 7, 5, 5, 4, 6, 5, 6, 6, 6, 7, 6, 7, 6, 6, 7, 7, 6, 1
60, 4, 4, 3, 5, 5, 5, 5, 5, 4, 5, 5, 7, 7, 2, 6, 5, 5, 5, 6, 5, 4, 4, 5, 5, 5, 6, 6, 6, 6, 6, 6, 6, 6, 6, 6, 1
61, 3, 3, 3, 5, 5, 3, 3, 4, 3, 5, 4, 7, 6, 1, 5, 5, 5, 5, 6, 2, 2, 2, 5, 4, 6, 6, 6, 6, 6, 6, 6, 6, 6, 7, 6, 1
62, 3, 4, 4, 5, 5, 5, 5, 5, 3, 5, 5, 6, 6, 2, 6, 5, 5, 5, 6, 4, 4, 4, 6, 4, 6, 6, 6, 6, 6, 6, 6, 6, 6, 6, 6, 2
63, 3, 3, 3, 5, 5, 4, 3, 4, 4, 5, 4, 7, 7, 2, 5, 5, 4, 5, 6, 4, 4, 4, 5, 4, 4, 5, 6, 6, 6, 6, 5, 5, 5, 6, 5, 1
64, 4, 4, 3, 6, 6, 6, 6, 6, 5, 5, 5, 6, 6, 2, 6, 6, 5, 5, 6, 5, 5, 4, 5, 4, 5, 6, 6, 6, 6, 6, 6, 6, 6, 6, 6, 1
66, 5, 4, 3, 6, 6, 5, 5, 5, 5, 6, 4, 7, 6, 2, 6, 6, 5, 6, 7, 5, 5, 3, 6, 5, 6, 7, 6, 6, 6, 6, 6, 6, 6, 7, 6, 1
68, 4, 4, 4, 6, 6, 6, 6, 6, 5, 5, 5, 6, 6, 2, 6, 5, 5, 5, 6, 5, 5, 4, 5, 4, 5, 5, 6, 6, 6, 6, 5, 5, 5, 6, 5, 1
69, 4, 3, 3, 6, 6, 5, 5, 5, 5, 5, 5, 6, 6, 2, 6, 5, 5, 6, 6, 4, 4, 3, 6, 4, 5, 6, 6, 6, 6, 6, 6, 6, 6, 6, 6, 1
70, 4, 3, 3, 5, 5, 5, 5, 5, 4, 5, 4, 6, 6, 2, 6, 5, 5, 5, 6, 4, 4, 3, 6, 4, 5, 6, 5, 5, 5, 5, 6, 6, 6, 6, 6, 1
71, 4, 4, 3, 6, 6, 5, 5, 5, 4, 5, 5, 6, 6, 2, 6, 5, 5, 5, 6, 5, 5, 5, 5, 4, 5, 5, 6, 6, 6, 6, 5, 6, 5, 6, 5, 1
72, 6, 5, 5, 6, 6, 6, 6, 6, 6, 6, 6, 6, 6, 2, 6, 6, 6, 6, 6, 6, 6, 6, 6, 6, 6, 6, 6, 6, 6, 6, 6, 6, 6, 6, 6, 1
73, 4, 4, 4, 6, 6, 5, 5, 5, 5, 5, 5, 6, 6, 2, 6, 5, 5, 5, 6, 5, 5, 5, 6, 5, 6, 6, 6, 6, 6, 6, 6, 6, 6, 6, 6, 1
74, 4, 4, 3, 6, 6, 5, 5, 5, 4, 5, 5, 6, 6, 2, 6, 5, 4, 5, 6, 4, 4, 3, 6, 5, 6, 6, 6, 6, 6, 6, 5, 5, 5, 5, 5, 1
76, 4, 4, 4, 6, 6, 5, 5, 5, 4, 5, 5, 7, 7, 2, 6, 5, 5, 5, 6, 5, 4, 3, 6, 5, 6, 6, 6, 6, 6, 6, 6, 6, 6, 6, 6, 1
77, 3, 4, 2, 5, 5, 5, 5, 5, 4, 5, 5, 7, 6, 1, 6, 6, 5, 6, 6, 4, 3, 3, 6, 5, 6, 7, 6, 6, 5, 6, 6, 6, 6, 6, 6, 1
78, 5, 5, 4, 6, 6, 6, 6, 6, 5, 5, 5, 6, 6, 2, 6, 6, 6, 6, 6, 5, 5, 5, 6, 4, 6, 6, 6, 6, 6, 6, 6, 6, 6, 6, 6, 1
79, 5, 4, 4, 6, 6, 6, 6, 6, 5, 6, 5, 6, 6, 2, 6, 6, 5, 6, 6, 5, 5, 4, 6, 5, 6, 6, 6, 6, 6, 6, 6, 6, 6, 6, 6, 1
80, 3, 3, 2, 5, 4, 4, 4, 4, 4, 4, 5, 7, 7, 2, 6, 5, 5, 5, 6, 4, 3, 3, 5, 4, 5, 5, 6, 6, 5, 6, 5, 6, 6, 6, 6, 1
81, 4, 3, 3, 6, 6, 5, 4, 5, 4, 6, 5, 7, 7, 1, 7, 6, 5, 6, 7, 5, 5, 4, 6, 5, 6, 6, 7, 7, 7, 7, 6, 6, 6, 7, 6, 1
82, 4, 4, 4, 5, 5, 5, 5, 5, 5, 5, 5, 6, 6, 2, 5, 5, 5, 5, 5, 5, 5, 4, 5, 5, 5, 6, 6, 6, 6, 6, 6, 6, 6, 6, 6, 1
83, 5, 4, 4, 6, 6, 5, 5, 5, 5, 5, 5, 6, 6, 2, 6, 6, 5, 6, 6, 5, 5, 4, 6, 5, 6, 6, 6, 6, 6, 6, 6, 6, 6, 6, 6, 1
84, 5, 3, 4, 5, 5, 5, 5, 5, 4, 5, 5, 6, 6, 2, 5, 5, 5, 5, 6, 5, 5, 4, 6, 5, 6, 6, 6, 6, 6, 6, 6, 6, 6, 6, 6, 1
85, 4, 3, 5, 6, 6, 6, 6, 6, 5, 5, 6, 7, 7, 1, 6, 6, 5, 5, 7, 4, 5, 4, 6, 5, 6, 7, 7, 6, 6, 6, 6, 7, 6, 7, 7, 1
86, 3, 2, 3, 5, 5, 4, 4, 5, 5, 6, 6, 7, 7, 2, 6, 6, 5, 6, 6, 3, 3, 4, 5, 4, 5, 5, 7, 6, 6, 7, 5, 6, 6, 6, 6, 1
87, 4, 3, 3, 5, 5, 5, 5, 5, 5, 5, 5, 6, 6, 2, 6, 5, 5, 5, 6, 5, 5, 4, 6, 4, 6, 6, 6, 6, 6, 6, 6, 6, 6, 6, 6, 1
88, 5, 3, 4, 6, 6, 5, 5, 5, 4, 5, 5, 6, 6, 2, 6, 6, 5, 5, 6, 5, 5, 5, 5, 4, 6, 6, 6, 6, 6, 6, 6, 6, 6, 6, 6, 1
89, 4, 4, 3, 6, 6, 5, 5, 5, 5, 5, 5, 7, 7, 2, 6, 6, 5, 6, 6, 5, 5, 5, 6, 5, 5, 6, 6, 6, 6, 6, 6, 7, 7, 7, 7, 1
90, 3, 3, 3, 6, 5, 5, 5, 6, 3, 5, 4, 6, 6, 2, 5, 4, 4, 4, 5, 3, 4, 3, 5, 3, 5, 5, 6, 6, 6, 6, 5, 5, 5, 6, 5, 1
91, 4, 3, 3, 6, 6, 5, 5, 5, 4, 5, 4, 6, 6, 2, 5, 4, 4, 5, 5, 4, 4, 3, 5, 4, 4, 5, 6, 5, 5, 5, 5, 5, 6, 6, 5, 1
92, 5, 4, 3, 6, 6, 6, 6, 6, 5, 5, 5, 7, 7, 2, 6, 6, 5, 6, 7, 5, 5, 4, 6, 5, 6, 6, 6, 6, 6, 6, 6, 6, 7, 7, 6, 1
93, 4, 3, 2, 5, 4, 3, 5, 4, 4, 5, 4, 7, 6, 1, 6, 5, 5, 5, 6, 4, 3, 3, 5, 5, 6, 5, 6, 6, 6, 6, 6, 6, 6, 7, 6, 1
94, 5, 2, 4, 7, 6, 6, 6, 6, 5, 6, 6, 7, 7, 1, 6, 6, 5, 6, 6, 5, 5, 5, 7, 6, 6, 7, 7, 6, 6, 6, 7, 7, 7, 7, 7, 1
95, 3, 2, 2, 4, 4, 3, 3, 4, 3, 5, 4, 6, 6, 2, 5, 5, 4, 5, 6, 3, 3, 2, 6, 5, 5, 6, 6, 6, 6, 6, 6, 6, 6, 6, 5, 1
96, 2, 2, 2, 5, 5, 3, 3, 4, 3, 5, 3, 7, 6, 1, 5, 5, 4, 5, 6, 3, 2, 2, 5, 4, 4, 5, 6, 6, 6, 6, 3, 4, 5, 5, 4, 1
97, 4, 3, 3, 5, 5, 5, 4, 4, 4, 5, 5, 7, 6, 2, 5, 5, 5, 5, 6, 5, 4, 4, 6, 6, 6, 6, 6, 6, 6, 6, 6, 6, 6, 6, 6, 1
98, 5, 4, 3, 6, 5, 5, 5, 5, 4, 5, 5, 6, 6, 2, 6, 6, 5, 6, 6, 4, 4, 4, 6, 5, 5, 6, 6, 6, 6, 6, 6, 6, 6, 6, 6, 1
99, 4, 3, 3, 6, 6, 5, 5, 5, 4, 5, 5, 7, 7, 1, 6, 6, 6, 6, 6, 5, 5, 4, 5, 5, 5, 6, 6, 6, 6, 6, 6, 6, 6, 6, 6, 1
100, 5, 4, 4, 6, 6, 6, 5, 6, 5, 5, 5, 7, 6, 2, 6, 6, 5, 6, 7, 5, 5, 4, 6, 5, 6, 6, 6, 6, 6, 6, 6, 6, 6, 7, 6, 1
101, 4, 3, 4, 6, 5, 5, 5, 5, 5, 5, 5, 7, 7, 2, 6, 6, 5, 6, 6, 5, 5, 4, 6, 6, 6, 7, 7, 6, 6, 6, 6, 6, 6, 6, 6, 1
102, 3, 2, 2, 4, 4, 3, 4, 3, 4, 4, 4, 6, 5, 1, 5, 5, 4, 5, 6, 3, 3, 3, 5, 5, 5, 5, 6, 6, 6, 6, 5, 5, 5, 5, 5, 1
103, 4, 4, 3, 5, 5, 5, 5, 5, 4, 5, 5, 6, 6, 2, 6, 5, 5, 5, 6, 4, 4, 4, 5, 4, 5, 6, 6, 5, 5, 6, 5, 5, 5, 5, 5, 1
104, 5, 5, 4, 6, 6, 5, 5, 5, 5, 5, 5, 6, 6, 2, 6, 6, 6, 6, 6, 5, 5, 4, 5, 5, 5, 6, 6, 6, 6, 6, 6, 6, 6, 6, 6, 1
105, 6, 4, 3, 6, 6, 6, 6, 5, 5, 5, 5, 6, 6, 2, 6, 6, 6, 6, 6, 5, 5, 4, 6, 5, 6, 6, 6, 6, 6, 6, 6, 6, 6, 6, 6, 1
106, 4, 3, 2, 5, 5, 4, 3, 4, 4, 5, 4, 6, 6, 2, 6, 5, 5, 5, 6, 3, 3, 3, 6, 5, 5, 6, 6, 6, 6, 6, 6, 6, 6, 6, 6, 1
107, 5, 4, 4, 6, 6, 6, 5, 6, 5, 5, 5, 6, 6, 2, 5, 5, 5, 5, 6, 5, 5, 5, 6, 5, 6, 6, 6, 6, 6, 6, 6, 6, 6, 6, 6, 1
108, 4, 4, 4, 6, 6, 5, 5, 5, 5, 5, 5, 6, 6, 2, 6, 6, 5, 6, 6, 5, 5, 4, 6, 5, 6, 6, 6, 6, 6, 6, 6, 6, 6, 6, 6, 1
109, 5, 4, 4, 5, 5, 5, 5, 5, 5, 5, 5, 6, 6, 2, 6, 6, 5, 6, 6, 5, 5, 4, 6, 6, 6, 6, 6, 6, 6, 6, 6, 6, 6, 6, 6, 1
110, 5, 5, 4, 6, 6, 6, 5, 6, 5, 6, 6, 7, 7, 1, 6, 6, 6, 6, 6, 5, 5, 4, 6, 5, 6, 6, 6, 6, 6, 6, 6, 6, 6, 6, 6, 1
111, 6, 5, 6, 6, 6, 6, 6, 6, 6, 6, 6, 7, 7, 1, 6, 6, 6, 6, 7, 6, 6, 6, 7, 6, 6, 7, 7, 7, 6, 7, 7, 7, 7, 7, 7, 1
112, 4, 3, 4, 6, 6, 6, 6, 6, 5, 5, 5, 6, 6, 2, 6, 6, 5, 6, 6, 4, 5, 4, 6, 4, 5, 5, 6, 6, 6, 6, 6, 6, 6, 6, 6, 1
113, 4, 3, 3, 6, 5, 5, 5, 5, 4, 5, 5, 7, 6, 2, 6, 5, 5, 5, 6, 4, 4, 4, 5, 5, 5, 5, 6, 6, 6, 6, 6, 6, 6, 6, 6, 1
114, 5, 4, 4, 5, 5, 5, 5, 5, 4, 5, 5, 6, 6, 2, 6, 5, 5, 6, 6, 5, 5, 4, 6, 5, 6, 6, 6, 6, 6, 6, 6, 6, 6, 6, 6, 1
115, 4, 3, 3, 5, 5, 5, 5, 5, 4, 5, 5, 6, 6, 2, 6, 5, 5, 5, 6, 4, 4, 3, 6, 5, 6, 6, 6, 6, 6, 6, 6, 6, 6, 6, 6, 1
116, 5, 3, 3, 6, 6, 6, 5, 6, 5, 6, 5, 7, 6, 2, 6, 6, 5, 6, 6, 5, 5, 4, 6, 4, 5, 6, 6, 6, 6, 6, 6, 6, 6, 6, 6, 1
117, 4, 2, 3, 6, 5, 5, 5, 5, 4, 5, 5, 7, 7, 2, 7, 6, 6, 6, 7, 5, 4, 2, 5, 3, 6, 6, 7, 6, 6, 7, 6, 6, 7, 7, 7, 1
118, 5, 4, 4, 6, 6, 6, 6, 6, 4, 5, 5, 6, 6, 2, 5, 5, 5, 5, 6, 5, 5, 5, 6, 5, 6, 6, 6, 6, 6, 6, 6, 6, 6, 6, 6, 1
119, 2, 2, 2, 5, 6, 3, 3, 4, 3, 5, 4, 6, 6, 1, 5, 5, 4, 5, 6, 3, 2, 2, 5, 4, 4, 5, 6, 6, 6, 6, 6, 6, 6, 6, 6, 1
120, 5, 4, 5, 6, 6, 5, 5, 5, 5, 5, 5, 6, 6, 2, 6, 6, 5, 6, 6, 5, 5, 5, 6, 5, 5, 6, 6, 6, 6, 6, 6, 6, 6, 6, 6, 1
121, 4, 2, 3, 5, 5, 5, 4, 4, 3, 5, 6, 7, 7, 1, 6, 5, 5, 5, 6, 4, 4, 3, 6, 5, 6, 6, 7, 6, 6, 6, 6, 6, 6, 6, 6, 1
122, 4, 3, 4, 5, 5, 4, 4, 4, 5, 4, 5, 7, 7, 2, 6, 6, 5, 5, 7, 4, 5, 3, 6, 5, 6, 7, 6, 6, 6, 6, 6, 6, 6, 7, 7, 1
123, 5, 4, 4, 7, 7, 6, 6, 6, 5, 5, 5, 7, 7, 2, 6, 6, 6, 6, 7, 5, 4, 3, 6, 6, 6, 6, 6, 6, 6, 6, 7, 7, 7, 7, 7, 1
124, 5, 4, 4, 5, 5, 5, 5, 5, 5, 5, 5, 6, 6, 1, 6, 5, 5, 5, 6, 5, 5, 4, 6, 6, 6, 6, 6, 6, 6, 6, 6, 6, 6, 6, 6, 1
125, 4, 3, 3, 5, 5, 4, 4, 4, 3, 5, 5, 6, 6, 1, 6, 6, 5, 6, 6, 4, 3, 2, 6, 5, 5, 6, 6, 6, 6, 6, 6, 6, 6, 6, 6, 1
127, 5, 5, 5, 6, 6, 5, 5, 5, 5, 5, 5, 7, 7, 2, 6, 6, 6, 6, 6, 5, 5, 5, 6, 5, 6, 6, 6, 6, 6, 6, 6, 6, 6, 6, 6, 1
128, 4, 3, 3, 5, 5, 5, 4, 5, 3, 5, 5, 7, 7, 2, 6, 5, 5, 5, 6, 4, 4, 4, 6, 5, 5, 6, 6, 6, 6, 6, 6, 6, 6, 6, 6, 1
129, 5, 4, 4, 6, 6, 5, 5, 6, 5, 5, 5, 6, 6, 2, 6, 6, 6, 6, 6, 5, 5, 4, 6, 5, 6, 6, 6, 6, 6, 6, 6, 6, 6, 6, 6, 1
130, 5, 4, 4, 6, 6, 5, 5, 5, 4, 5, 5, 7, 6, 2, 6, 6, 5, 6, 7, 5, 5, 4, 6, 5, 6, 6, 6, 6, 6, 6, 7, 7, 6, 7, 7, 1
131, 4, 4, 4, 6, 6, 6, 6, 6, 5, 5, 5, 6, 6, 2, 6, 6, 5, 6, 6, 5, 5, 4, 6, 5, 5, 6, 6, 6, 6, 6, 6, 6, 6, 6, 6, 1
132, 4, 4, 4, 5, 5, 5, 5, 5, 5, 5, 5, 7, 7, 2, 6, 6, 6, 6, 6, 5, 5, 4, 6, 6, 6, 6, 6, 6, 6, 6, 6, 6, 6, 6, 6, 1
133, 3, 3, 3, 6, 5, 5, 4, 5, 4, 5, 5, 6, 6, 2, 5, 5, 4, 5, 6, 4, 4, 3, 6, 5, 5, 6, 6, 6, 6, 6, 6, 6, 6, 6, 6, 1
134, 3, 3, 3, 5, 5, 5, 5, 5, 4, 5, 4, 6, 6, 2, 5, 4, 4, 4, 6, 4, 3, 3, 5, 4, 5, 5, 6, 6, 6, 6, 5, 5, 5, 6, 5, 1
135, 5, 4, 5, 7, 7, 6, 6, 6, 5, 5, 5, 7, 7, 2, 6, 6, 6, 6, 7, 6, 5, 5, 6, 6, 6, 7, 6, 6, 6, 6, 6, 6, 6, 6, 6, 1
136, 5, 3, 3, 6, 6, 5, 5, 5, 4, 5, 4, 7, 6, 2, 6, 6, 6, 6, 7, 4, 4, 3, 6, 5, 5, 5, 6, 7, 6, 7, 6, 6, 6, 7, 6, 1
137, 5, 2, 2, 6, 6, 5, 5, 5, 4, 5, 5, 7, 7, 1, 7, 6, 6, 6, 7, 3, 4, 3, 6, 4, 6, 6, 7, 6, 6, 7, 6, 6, 6, 7, 6, 1
138, 5, 4, 4, 6, 6, 6, 6, 6, 5, 5, 5, 7, 7, 2, 6, 6, 6, 6, 6, 5, 5, 5, 6, 5, 6, 6, 6, 6, 6, 6, 6, 6, 6, 6, 6, 1
139, 5, 3, 2, 6, 6, 5, 5, 5, 5, 5, 5, 6, 6, 2, 5, 5, 5, 5, 6, 5, 4, 3, 5, 4, 6, 6, 6, 6, 6, 6, 6, 6, 6, 6, 6, 1
140, 5, 3, 4, 6, 6, 5, 6, 5, 4, 5, 5, 7, 7, 2, 6, 5, 5, 5, 7, 5, 5, 4, 6, 6, 6, 7, 7, 6, 6, 6, 6, 6, 6, 7, 6, 1
141, 3, 3, 3, 4, 5, 3, 4, 3, 2, 3, 4, 7, 6, 2, 5, 4, 3, 4, 6, 3, 3, 2, 5, 4, 5, 5, 6, 6, 6, 6, 5, 5, 5, 6, 5, 1
142, 4, 3, 3, 6, 5, 5, 4, 5, 5, 6, 5, 7, 7, 1, 6, 6, 5, 6, 7, 5, 4, 4, 6, 5, 5, 7, 6, 6, 5, 6, 7, 7, 7, 7, 7, 1
143, 5, 5, 5, 6, 6, 6, 6, 6, 5, 6, 6, 6, 6, 1, 6, 6, 5, 6, 6, 5, 5, 4, 6, 5, 5, 6, 6, 6, 6, 6, 6, 6, 6, 6, 6, 1
144, 3, 3, 4, 6, 6, 5, 4, 5, 4, 5, 5, 7, 7, 2, 6, 6, 5, 6, 7, 4, 4, 4, 5, 4, 5, 6, 6, 6, 6, 6, 5, 5, 6, 6, 6, 1
145, 5, 4, 4, 5, 5, 5, 5, 5, 5, 5, 5, 6, 6, 2, 6, 6, 6, 6, 6, 6, 5, 4, 5, 5, 5, 6, 6, 6, 6, 6, 6, 6, 6, 6, 6, 1
146, 5, 5, 5, 6, 6, 6, 6, 6, 5, 5, 5, 6, 6, 2, 5, 5, 5, 5, 6, 4, 5, 5, 5, 4, 5, 6, 6, 5, 6, 6, 5, 6, 6, 6, 6, 1
147, 3, 3, 2, 6, 5, 5, 6, 5, 4, 5, 4, 6, 6, 1, 6, 5, 4, 5, 6, 4, 4, 2, 5, 4, 5, 5, 6, 6, 6, 6, 6, 6, 6, 6, 6, 1
148, 5, 4, 4, 6, 6, 6, 6, 6, 5, 5, 5, 6, 6, 2, 6, 6, 5, 6, 6, 5, 5, 5, 5, 4, 5, 6, 6, 6, 6, 6, 6, 6, 6, 6, 6, 1
149, 4, 3, 3, 5, 5, 5, 4, 5, 4, 5, 5, 6, 6, 2, 6, 6, 6, 6, 6, 4, 5, 4, 6, 6, 6, 6, 6, 6, 6, 6, 6, 6, 6, 6, 6, 1
150, 5, 5, 5, 6, 6, 6, 5, 6, 6, 6, 6, 7, 7, 2, 7, 6, 5, 5, 7, 6, 6, 5, 6, 5, 6, 7, 6, 6, 6, 6, 6, 6, 7, 7, 7, 1
151, 4, 4, 4, 5, 5, 5, 5, 6, 5, 5, 5, 6, 6, 2, 6, 5, 5, 5, 6, 4, 4, 3, 6, 5, 5, 6, 6, 6, 6, 6, 6, 6, 6, 6, 6, 1
152, 5, 3, 4, 6, 6, 6, 5, 6, 5, 6, 5, 7, 7, 2, 7, 6, 6, 6, 7, 5, 5, 5, 6, 4, 6, 7, 7, 7, 7, 7, 7, 7, 7, 7, 7, 1
153, 5, 4, 5, 6, 6, 6, 6, 6, 5, 6, 6, 6, 6, 1, 6, 6, 6, 6, 6, 5, 5, 5, 6, 5, 6, 6, 6, 6, 6, 6, 6, 6, 6, 6, 6, 1
154, 5, 4, 3, 6, 6, 6, 6, 6, 5, 5, 5, 7, 7, 2, 6, 5, 5, 5, 6, 5, 5, 4, 6, 4, 6, 6, 6, 6, 6, 6, 7, 7, 7, 7, 7, 1
155, 5, 3, 4, 6, 5, 5, 5, 5, 4, 6, 5, 7, 7, 2, 6, 6, 6, 6, 7, 4, 4, 4, 6, 5, 5, 6, 7, 7, 7, 7, 6, 6, 6, 7, 6, 1
156, 4, 4, 3, 6, 6, 6, 6, 6, 5, 5, 5, 6, 6, 2, 6, 6, 5, 6, 6, 5, 5, 4, 5, 4, 5, 5, 6, 6, 5, 6, 6, 6, 6, 6, 6, 1
157, 4, 3, 3, 5, 5, 4, 4, 4, 3, 5, 5, 6, 6, 1, 5, 5, 5, 4, 6, 4, 3, 3, 6, 6, 6, 6, 6, 6, 6, 6, 6, 6, 6, 6, 6, 1
158, 4, 3, 3, 5, 5, 5, 4, 5, 3, 5, 5, 6, 6, 2, 5, 5, 5, 5, 6, 4, 4, 3, 6, 4, 5, 6, 6, 6, 6, 6, 5, 6, 5, 6, 5, 1
159, 4, 3, 3, 5, 5, 4, 3, 4, 4, 5, 4, 7, 6, 2, 5, 5, 5, 5, 6, 4, 4, 3, 5, 5, 5, 5, 6, 6, 5, 6, 6, 6, 6, 6, 6, 1
160, 5, 4, 4, 6, 5, 5, 5, 5, 5, 5, 5, 7, 7, 2, 6, 6, 5, 6, 6, 5, 5, 5, 6, 5, 6, 6, 6, 6, 6, 6, 6, 6, 6, 6, 6, 1
161, 5, 4, 3, 6, 6, 6, 5, 6, 5, 6, 6, 7, 7, 2, 6, 6, 6, 5, 7, 6, 4, 4, 6, 6, 7, 7, 7, 6, 7, 7, 7, 7, 7, 7, 7, 1
162, 4, 3, 3, 6, 5, 5, 5, 5, 4, 5, 5, 7, 7, 2, 6, 5, 5, 5, 6, 4, 4, 4, 5, 5, 6, 6, 6, 6, 6, 6, 6, 6, 6, 6, 6, 1
163, 4, 3, 3, 5, 5, 5, 5, 5, 4, 5, 5, 6, 6, 2, 6, 6, 5, 6, 6, 4, 4, 3, 5, 4, 5, 6, 6, 6, 6, 6, 6, 6, 6, 6, 6, 1
165, 4, 3, 3, 4, 4, 3, 2, 3, 3, 5, 4, 7, 6, 1, 5, 4, 5, 4, 5, 4, 3, 3, 6, 4, 5, 5, 6, 6, 5, 6, 5, 5, 5, 6, 5, 1
166, 5, 3, 3, 6, 6, 5, 4, 5, 4, 5, 5, 6, 6, 2, 6, 6, 5, 6, 6, 4, 4, 3, 6, 6, 6, 6, 6, 6, 6, 6, 6, 6, 6, 6, 6, 1
167, 4, 4, 3, 5, 5, 4, 4, 4, 4, 5, 5, 7, 7, 2, 5, 5, 5, 5, 6, 3, 3, 3, 6, 5, 6, 6, 6, 6, 6, 6, 6, 6, 6, 6, 6, 1
168, 5, 4, 3, 6, 6, 5, 5, 5, 5, 5, 5, 6, 6, 2, 6, 6, 6, 6, 6, 5, 5, 4, 6, 6, 6, 6, 6, 6, 6, 6, 6, 6, 6, 6, 6, 1
170, 4, 4, 4, 6, 6, 5, 5, 5, 5, 5, 5, 6, 6, 1, 6, 5, 5, 5, 6, 5, 5, 4, 6, 5, 6, 6, 6, 6, 6, 6, 6, 6, 6, 6, 6, 1
171, 4, 4, 3, 5, 5, 5, 5, 5, 4, 5, 5, 6, 6, 2, 5, 5, 5, 5, 6, 4, 4, 4, 5, 5, 6, 6, 6, 6, 6, 6, 6, 6, 6, 6, 6, 1
172, 4, 4, 3, 6, 6, 5, 5, 5, 5, 6, 5, 7, 7, 1, 6, 5, 5, 5, 6, 4, 4, 4, 6, 5, 6, 7, 6, 6, 6, 6, 6, 6, 6, 7, 6, 1
173, 5, 4, 4, 6, 6, 6, 6, 6, 4, 6, 5, 6, 6, 2, 7, 6, 6, 6, 7, 5, 5, 5, 6, 5, 6, 6, 6, 6, 6, 6, 7, 7, 7, 7, 7, 1
174, 5, 4, 4, 6, 6, 6, 6, 6, 5, 5, 5, 6, 6, 2, 5, 5, 5, 5, 5, 5, 5, 4, 6, 5, 6, 6, 6, 6, 6, 6, 5, 5, 5, 5, 5, 1
175, 3, 4, 3, 6, 5, 5, 5, 5, 5, 5, 5, 6, 6, 2, 6, 6, 5, 5, 6, 5, 4, 4, 6, 4, 5, 6, 6, 6, 6, 6, 6, 6, 6, 6, 6, 1
176, 4, 3, 4, 5, 5, 5, 5, 4, 4, 5, 4, 6, 6, 2, 5, 5, 5, 5, 6, 5, 3, 3, 6, 5, 5, 6, 6, 6, 6, 6, 5, 5, 6, 6, 5, 1
177, 4, 3, 3, 5, 6, 5, 4, 5, 4, 6, 5, 6, 6, 1, 6, 6, 6, 6, 6, 5, 4, 5, 6, 6, 6, 6, 6, 6, 6, 6, 6, 6, 6, 6, 6, 1
178, 3, 3, 2, 5, 5, 5, 5, 5, 3, 4, 5, 6, 6, 2, 6, 5, 5, 5, 6, 4, 4, 3, 6, 4, 4, 5, 5, 6, 6, 6, 6, 6, 6, 6, 6, 1
179, 4, 3, 3, 5, 5, 5, 5, 5, 4, 5, 5, 6, 6, 2, 5, 5, 5, 5, 5, 4, 4, 4, 6, 4, 5, 5, 5, 6, 5, 6, 6, 6, 6, 6, 6, 1
180, 4, 3, 4, 5, 5, 5, 5, 5, 4, 5, 5, 6, 6, 2, 6, 6, 5, 6, 6, 4, 4, 4, 6, 5, 6, 6, 6, 6, 5, 6, 5, 6, 6, 6, 5, 1
181, 4, 3, 3, 5, 5, 4, 4, 4, 4, 5, 5, 6, 6, 2, 6, 6, 5, 5, 6, 5, 5, 4, 6, 5, 6, 6, 6, 6, 6, 6, 6, 6, 6, 6, 6, 1
182, 5, 4, 4, 6, 6, 6, 5, 6, 5, 5, 5, 6, 6, 2, 6, 6, 5, 6, 6, 5, 5, 5, 6, 4, 5, 6, 6, 6, 6, 6, 6, 6, 6, 6, 6, 1
183, 5, 4, 4, 6, 6, 5, 5, 5, 5, 6, 5, 6, 6, 2, 6, 6, 6, 6, 6, 5, 5, 5, 5, 4, 5, 5, 6, 6, 6, 6, 6, 6, 6, 6, 6, 1
184, 6, 3, 3, 6, 6, 6, 6, 6, 6, 4, 6, 6, 6, 2, 6, 6, 6, 6, 6, 6, 6, 5, 6, 6, 6, 6, 6, 6, 6, 6, 6, 6, 6, 6, 6, 1
185, 4, 3, 2, 6, 6, 5, 5, 5, 5, 5, 5, 6, 6, 1, 5, 5, 5, 5, 5, 4, 4, 4, 5, 4, 5, 5, 6, 6, 6, 6, 6, 6, 6, 6, 6, 1
186, 3, 3, 3, 4, 4, 4, 3, 4, 3, 5, 4, 6, 6, 1, 6, 5, 5, 5, 6, 3, 2, 2, 5, 5, 5, 5, 6, 6, 6, 6, 6, 6, 6, 6, 6, 1
187, 5, 3, 3, 5, 5, 4, 4, 4, 4, 5, 5, 6, 6, 2, 4, 4, 4, 4, 5, 4, 4, 3, 5, 3, 5, 5, 6, 6, 5, 6, 5, 5, 6, 6, 5, 1
188, 4, 5, 4, 5, 5, 4, 4, 5, 4, 4, 4, 6, 6, 2, 6, 5, 5, 5, 6, 4, 3, 3, 5, 5, 5, 6, 6, 5, 5, 5, 6, 6, 6, 6, 6, 1
189, 3, 3, 3, 5, 5, 4, 4, 4, 3, 5, 5, 7, 7, 1, 6, 6, 5, 6, 7, 5, 4, 4, 6, 6, 5, 6, 7, 7, 6, 7, 6, 6, 6, 7, 6, 1
190, 4, 3, 3, 5, 5, 4, 4, 4, 3, 5, 5, 6, 6, 2, 6, 6, 5, 6, 6, 4, 3, 3, 5, 3, 5, 5, 6, 6, 6, 6, 5, 5, 5, 5, 5, 1
191, 4, 4, 3, 6, 5, 5, 6, 5, 4, 5, 5, 6, 6, 2, 6, 5, 5, 6, 6, 5, 4, 4, 5, 5, 5, 6, 6, 6, 6, 6, 5, 6, 6, 6, 6, 1
192, 4, 4, 3, 6, 6, 5, 5, 5, 5, 5, 6, 7, 7, 2, 6, 5, 4, 5, 7, 5, 5, 4, 6, 6, 6, 6, 7, 7, 6, 7, 6, 6, 6, 7, 6, 1
193, 4, 5, 3, 6, 6, 5, 5, 5, 5, 5, 5, 7, 7, 2, 6, 6, 5, 6, 7, 4, 4, 3, 6, 4, 6, 6, 7, 7, 6, 7, 6, 6, 6, 7, 6, 1
194, 4, 4, 3, 5, 5, 5, 5, 5, 5, 5, 5, 6, 6, 2, 6, 5, 5, 5, 6, 5, 5, 4, 6, 6, 6, 6, 6, 6, 6, 6, 6, 6, 6, 6, 6, 1
195, 4, 3, 3, 5, 5, 5, 4, 4, 4, 5, 4, 7, 7, 1, 5, 5, 4, 5, 6, 3, 3, 3, 5, 5, 5, 6, 6, 6, 6, 6, 5, 6, 6, 6, 5, 1
196, 4, 4, 3, 6, 6, 6, 6, 6, 5, 5, 5, 6, 6, 2, 6, 6, 5, 6, 6, 5, 5, 4, 5, 4, 5, 6, 6, 6, 5, 6, 6, 6, 6, 6, 6, 1
197, 3, 3, 5, 5, 5, 4, 4, 4, 4, 5, 5, 6, 6, 2, 5, 5, 4, 5, 6, 4, 4, 3, 5, 4, 5, 6, 6, 6, 6, 6, 6, 6, 6, 6, 6, 1
198, 5, 4, 5, 6, 6, 6, 6, 5, 5, 5, 5, 7, 6, 2, 6, 6, 5, 6, 6, 5, 5, 4, 6, 5, 6, 6, 6, 6, 6, 6, 6, 6, 6, 6, 6, 1
199, 4, 4, 3, 6, 6, 5, 5, 5, 4, 5, 5, 6, 6, 2, 5, 5, 5, 5, 6, 4, 4, 3, 6, 4, 5, 6, 6, 6, 6, 6, 6, 6, 6, 6, 6, 1
200, 5, 4, 3, 6, 6, 5, 5, 5, 5, 5, 5, 6, 6, 2, 6, 5, 5, 6, 6, 4, 4, 4, 6, 5, 6, 6, 6, 6, 6, 6, 6, 6, 6, 6, 6, 1
201, 5, 4, 4, 6, 6, 6, 6, 6, 5, 5, 5, 6, 6, 2, 6, 5, 5, 5, 6, 5, 5, 4, 6, 5, 6, 6, 6, 6, 6, 6, 6, 6, 6, 6, 6, 1
202, 4, 4, 3, 6, 6, 6, 5, 6, 5, 5, 5, 7, 7, 2, 6, 5, 4, 5, 6, 5, 5, 4, 6, 5, 6, 6, 6, 6, 6, 6, 6, 6, 6, 6, 6, 1
203, 4, 3, 3, 5, 5, 4, 4, 4, 4, 5, 5, 7, 6, 1, 6, 5, 5, 5, 6, 3, 3, 3, 6, 6, 5, 6, 6, 6, 6, 6, 6, 6, 6, 6, 6, 1
204, 4, 3, 4, 5, 5, 5, 6, 5, 4, 5, 4, 6, 6, 2, 5, 5, 5, 5, 5, 5, 5, 4, 5, 4, 5, 5, 5, 5, 5, 6, 5, 6, 6, 6, 5, 1
205, 4, 3, 4, 6, 6, 5, 5, 5, 5, 5, 5, 6, 6, 2, 6, 6, 5, 6, 6, 5, 5, 4, 6, 5, 6, 6, 6, 6, 6, 6, 6, 6, 6, 6, 6, 1
206, 4, 4, 4, 6, 6, 5, 5, 5, 4, 5, 5, 6, 6, 2, 6, 5, 5, 5, 6, 5, 5, 5, 6, 5, 6, 6, 6, 6, 6, 6, 6, 6, 6, 6, 6, 1
207, 3, 3, 3, 5, 5, 4, 4, 5, 3, 4, 4, 6, 6, 2, 6, 5, 4, 5, 6, 3, 4, 2, 5, 4, 5, 5, 6, 6, 6, 6, 5, 6, 5, 6, 6, 1
208, 4, 3, 3, 5, 5, 5, 5, 5, 4, 5, 5, 6, 6, 2, 5, 5, 5, 5, 6, 4, 4, 3, 5, 5, 5, 6, 6, 6, 6, 6, 6, 6, 6, 6, 6, 1
209, 4, 3, 3, 5, 5, 5, 4, 5, 4, 5, 5, 7, 6, 2, 6, 6, 5, 6, 6, 4, 4, 4, 6, 5, 5, 6, 6, 6, 6, 6, 6, 6, 6, 6, 6, 1
210, 3, 3, 3, 5, 5, 4, 4, 4, 2, 5, 4, 7, 7, 2, 5, 5, 5, 4, 6, 3, 3, 3, 5, 4, 5, 6, 6, 6, 6, 6, 6, 6, 6, 6, 6, 1
212, 4, 4, 4, 6, 5, 5, 5, 5, 5, 5, 5, 7, 6, 2, 5, 5, 5, 5, 6, 5, 4, 4, 6, 5, 6, 6, 6, 6, 6, 6, 6, 6, 6, 6, 6, 1
213, 5, 4, 5, 6, 6, 5, 5, 6, 4, 5, 5, 6, 6, 1, 6, 5, 5, 6, 6, 4, 5, 5, 6, 5, 6, 6, 6, 6, 6, 6, 6, 6, 6, 6, 6, 1
214, 4, 2, 2, 6, 5, 5, 4, 5, 3, 6, 5, 7, 6, 1, 6, 6, 5, 6, 7, 4, 4, 3, 6, 5, 6, 6, 6, 6, 6, 6, 6, 6, 6, 7, 6, 1
215, 4, 3, 3, 6, 5, 5, 5, 5, 4, 5, 5, 7, 7, 2, 6, 5, 5, 5, 6, 5, 4, 4, 6, 6, 6, 6, 6, 6, 6, 6, 6, 6, 6, 6, 6, 1
216, 4, 3, 4, 5, 5, 5, 5, 5, 5, 5, 5, 6, 6, 2, 5, 5, 5, 5, 6, 4, 4, 4, 6, 5, 6, 6, 6, 6, 6, 6, 6, 6, 6, 6, 6, 1
217, 5, 3, 3, 6, 6, 5, 5, 5, 5, 6, 6, 7, 7, 2, 5, 5, 5, 5, 6, 4, 4, 4, 6, 6, 6, 6, 7, 6, 6, 6, 6, 6, 6, 6, 6, 1
218, 4, 3, 3, 6, 6, 5, 5, 5, 5, 5, 5, 6, 6, 2, 5, 5, 4, 5, 6, 5, 4, 4, 6, 5, 5, 6, 6, 6, 6, 6, 6, 6, 6, 6, 6, 1
219, 5, 4, 4, 5, 5, 5, 5, 5, 4, 5, 5, 6, 6, 2, 5, 5, 5, 5, 6, 4, 4, 4, 6, 5, 5, 6, 6, 6, 6, 6, 6, 6, 6, 6, 6, 1
220, 5, 3, 3, 6, 6, 6, 6, 6, 5, 5, 5, 7, 7, 2, 6, 6, 4, 6, 6, 5, 5, 4, 6, 4, 5, 6, 6, 6, 6, 7, 6, 6, 6, 6, 6, 1
221, 3, 3, 2, 5, 5, 5, 4, 5, 4, 5, 5, 7, 6, 2, 6, 5, 4, 5, 6, 5, 5, 4, 6, 5, 6, 6, 6, 6, 6, 6, 6, 6, 6, 7, 6, 1
223, 4, 3, 2, 6, 6, 6, 6, 6, 5, 5, 5, 7, 7, 2, 7, 6, 6, 7, 7, 6, 5, 4, 6, 4, 6, 6, 7, 7, 7, 7, 7, 7, 7, 7, 7, 1
224, 3, 3, 2, 5, 5, 4, 4, 4, 3, 5, 4, 6, 6, 1, 6, 5, 4, 5, 6, 4, 3, 2, 6, 6, 5, 6, 6, 6, 5, 6, 5, 6, 5, 6, 6, 1
225, 4, 4, 3, 6, 5, 5, 5, 5, 5, 5, 5, 6, 6, 2, 6, 6, 5, 6, 6, 5, 5, 4, 6, 5, 6, 6, 6, 6, 6, 6, 5, 6, 6, 6, 6, 1
226, 3, 3, 3, 5, 5, 4, 4, 4, 4, 5, 4, 6, 6, 1, 6, 6, 5, 5, 6, 4, 3, 3, 5, 4, 5, 5, 6, 6, 6, 6, 6, 6, 6, 6, 6, 1
227, 3, 3, 3, 5, 4, 4, 3, 4, 3, 5, 5, 7, 7, 2, 5, 5, 4, 5, 6, 4, 4, 3, 5, 5, 5, 6, 6, 6, 6, 6, 6, 6, 6, 6, 5, 1
228, 5, 3, 3, 6, 5, 5, 4, 5, 4, 5, 5, 6, 6, 2, 7, 6, 6, 6, 7, 4, 4, 3, 6, 5, 6, 6, 7, 7, 6, 7, 6, 6, 6, 7, 6, 1
229, 5, 3, 4, 5, 5, 5, 4, 5, 4, 5, 4, 6, 6, 2, 6, 6, 5, 6, 6, 4, 4, 4, 6, 5, 6, 6, 6, 6, 6, 6, 6, 6, 6, 6, 6, 1
230, 4, 3, 3, 6, 6, 6, 5, 5, 3, 4, 5, 6, 6, 2, 5, 5, 4, 5, 6, 3, 3, 4, 5, 4, 5, 5, 6, 6, 6, 6, 6, 6, 6, 6, 6, 1
231, 5, 4, 3, 6, 6, 5, 5, 5, 5, 5, 5, 7, 7, 1, 6, 5, 4, 5, 6, 3, 4, 4, 6, 6, 6, 6, 7, 6, 6, 6, 5, 6, 6, 6, 6, 1
232, 4, 3, 3, 6, 6, 5, 5, 5, 5, 5, 5, 7, 6, 2, 6, 6, 5, 6, 7, 4, 4, 3, 5, 5, 5, 6, 6, 6, 6, 6, 6, 6, 6, 7, 6, 1
235, 3, 3, 3, 4, 4, 4, 4, 5, 3, 5, 4, 7, 6, 2, 5, 5, 5, 5, 6, 4, 4, 3, 5, 4, 5, 5, 6, 6, 6, 6, 6, 6, 6, 6, 6, 1
236, 4, 3, 2, 6, 5, 4, 4, 5, 3, 4, 4, 6, 6, 1, 5, 5, 4, 5, 5, 4, 4, 3, 5, 4, 4, 5, 5, 5, 5, 5, 5, 5, 5, 5, 5, 1
237, 5, 4, 4, 6, 5, 5, 5, 5, 5, 5, 5, 6, 6, 2, 6, 6, 6, 6, 6, 5, 5, 5, 6, 5, 6, 6, 6, 6, 6, 6, 6, 6, 6, 6, 6, 1
238, 5, 5, 4, 6, 6, 6, 6, 6, 4, 6, 5, 6, 6, 2, 6, 5, 5, 6, 6, 5, 5, 4, 6, 5, 6, 6, 6, 6, 6, 6, 6, 6, 6, 6, 6, 1
239, 5, 4, 4, 6, 6, 5, 6, 6, 5, 5, 5, 6, 6, 2, 6, 6, 5, 6, 6, 5, 5, 4, 6, 5, 6, 6, 6, 6, 6, 6, 6, 6, 6, 6, 6, 1
240, 5, 3, 3, 6, 6, 5, 5, 4, 5, 5, 5, 6, 6, 2, 6, 6, 6, 6, 6, 4, 4, 3, 6, 6, 6, 6, 6, 6, 6, 6, 6, 6, 6, 6, 6, 1
241, 5, 4, 3, 6, 6, 6, 6, 6, 5, 5, 5, 6, 6, 2, 6, 6, 5, 6, 6, 5, 5, 5, 6, 5, 6, 6, 6, 6, 6, 6, 6, 6, 6, 6, 6, 1
242, 4, 3, 4, 6, 6, 5, 5, 5, 4, 5, 5, 7, 6, 2, 6, 5, 4, 5, 7, 5, 5, 4, 5, 5, 5, 6, 6, 6, 6, 6, 6, 6, 6, 6, 6, 1
244, 3, 3, 4, 5, 5, 4, 3, 4, 4, 5, 4, 6, 5, 2, 5, 5, 5, 5, 6, 3, 3, 3, 6, 5, 6, 6, 5, 5, 5, 5, 5, 6, 6, 6, 6, 1
245, 4, 3, 3, 5, 5, 5, 4, 5, 4, 5, 4, 7, 7, 2, 5, 5, 5, 6, 6, 4, 4, 3, 6, 5, 5, 6, 6, 6, 6, 6, 6, 6, 6, 7, 6, 1
246, 5, 4, 4, 5, 5, 5, 5, 5, 5, 5, 5, 6, 6, 2, 6, 6, 5, 6, 6, 5, 5, 4, 6, 4, 6, 6, 6, 6, 6, 6, 6, 6, 6, 6, 6, 1
247, 3, 3, 4, 5, 5, 4, 3, 5, 3, 5, 4, 6, 6, 2, 5, 5, 4, 4, 6, 4, 4, 4, 5, 5, 5, 6, 6, 6, 6, 6, 6, 6, 6, 6, 6, 1
248, 3, 2, 3, 6, 5, 4, 5, 4, 4, 5, 5, 6, 7, 2, 6, 5, 5, 5, 7, 4, 3, 4, 5, 2, 5, 5, 7, 6, 6, 6, 6, 6, 7, 7, 6, 1
249, 4, 3, 3, 5, 5, 5, 5, 5, 3, 5, 5, 7, 7, 2, 6, 6, 6, 6, 7, 4, 3, 4, 6, 6, 6, 6, 7, 6, 6, 7, 6, 6, 6, 6, 6, 1
250, 5, 4, 4, 6, 6, 5, 5, 5, 5, 5, 5, 6, 6, 2, 6, 5, 5, 6, 6, 5, 5, 4, 6, 5, 6, 6, 6, 6, 6, 6, 6, 6, 6, 6, 6, 1
251, 5, 5, 5, 6, 6, 6, 6, 6, 6, 6, 6, 6, 6, 2, 6, 6, 6, 6, 6, 4, 4, 4, 6, 5, 6, 6, 6, 6, 6, 6, 6, 6, 6, 6, 6, 1
252, 5, 5, 5, 6, 6, 5, 5, 5, 5, 6, 5, 7, 7, 2, 6, 5, 5, 5, 6, 5, 5, 5, 6, 5, 6, 6, 6, 6, 6, 6, 6, 6, 6, 6, 6, 1
254, 5, 3, 4, 5, 5, 5, 4, 5, 4, 6, 5, 7, 6, 1, 6, 6, 6, 6, 7, 5, 4, 3, 6, 6, 6, 7, 7, 6, 7, 7, 6, 6, 6, 7, 6, 1
255, 5, 5, 4, 6, 5, 4, 4, 4, 3, 5, 5, 7, 7, 1, 6, 6, 5, 6, 7, 5, 5, 4, 6, 6, 6, 6, 6, 6, 6, 7, 6, 6, 6, 7, 6, 1
256, 5, 4, 5, 5, 5, 4, 5, 4, 4, 6, 5, 7, 7, 2, 6, 6, 6, 6, 7, 4, 4, 4, 6, 5, 6, 6, 6, 6, 6, 6, 6, 7, 6, 7, 6, 1
257, 3, 3, 2, 5, 5, 4, 4, 4, 3, 4, 4, 6, 6, 1, 6, 5, 6, 5, 6, 3, 3, 3, 5, 4, 5, 5, 6, 6, 6, 6, 5, 6, 5, 6, 5, 1
258, 5, 4, 4, 6, 6, 6, 6, 6, 5, 5, 5, 6, 6, 2, 6, 6, 6, 6, 6, 6, 6, 5, 6, 5, 6, 6, 6, 6, 6, 6, 6, 6, 6, 6, 6, 1
259, 4, 4, 4, 5, 5, 5, 5, 5, 5, 5, 5, 6, 6, 2, 6, 6, 6, 6, 6, 4, 5, 4, 6, 6, 6, 6, 6, 6, 6, 6, 6, 6, 6, 6, 6, 1
260, 4, 3, 3, 5, 5, 4, 3, 4, 4, 6, 5, 7, 6, 1, 6, 5, 5, 6, 7, 5, 4, 3, 6, 5, 6, 7, 6, 6, 6, 6, 6, 6, 6, 7, 6, 1
261, 5, 4, 4, 5, 5, 5, 4, 5, 5, 6, 5, 6, 6, 2, 6, 6, 6, 6, 6, 4, 5, 4, 6, 5, 6, 6, 6, 6, 6, 6, 6, 6, 6, 6, 6, 1
262, 5, 4, 3, 6, 6, 6, 6, 6, 5, 6, 6, 6, 6, 2, 6, 6, 6, 6, 6, 5, 5, 5, 6, 5, 5, 6, 6, 6, 6, 6, 6, 6, 6, 6, 6, 1
263, 5, 4, 3, 6, 6, 5, 5, 5, 5, 5, 5, 6, 6, 2, 6, 5, 5, 5, 6, 5, 5, 5, 6, 5, 6, 6, 6, 6, 6, 6, 6, 6, 6, 6, 6, 1
264, 5, 4, 4, 6, 6, 6, 6, 6, 5, 5, 6, 6, 6, 2, 6, 5, 5, 6, 6, 5, 5, 4, 6, 5, 6, 6, 6, 6, 6, 6, 6, 6, 6, 6, 6, 1
265, 4, 4, 5, 5, 5, 5, 5, 5, 5, 5, 5, 6, 6, 2, 6, 5, 5, 5, 6, 4, 4, 4, 5, 4, 5, 6, 6, 6, 6, 6, 6, 6, 6, 6, 6, 1
266, 4, 3, 3, 5, 5, 5, 4, 5, 4, 5, 4, 7, 7, 2, 6, 6, 5, 5, 6, 4, 5, 4, 6, 5, 5, 6, 6, 6, 6, 6, 6, 6, 6, 6, 6, 1
267, 4, 4, 4, 6, 6, 6, 6, 6, 4, 5, 5, 7, 7, 2, 6, 5, 5, 5, 6, 5, 5, 4, 5, 3, 5, 6, 6, 6, 6, 6, 5, 5, 5, 5, 5, 1
268, 4, 3, 3, 6, 6, 5, 5, 5, 5, 6, 5, 6, 6, 2, 5, 5, 5, 5, 6, 4, 4, 4, 6, 5, 6, 6, 6, 6, 6, 6, 6, 7, 6, 7, 6, 1
269, 4, 3, 3, 5, 5, 4, 5, 5, 4, 5, 5, 7, 7, 2, 6, 6, 5, 6, 6, 4, 4, 3, 6, 5, 5, 6, 6, 6, 6, 6, 6, 6, 6, 6, 6, 1
270, 5, 5, 5, 6, 6, 6, 6, 6, 5, 6, 6, 7, 7, 1, 6, 6, 6, 6, 6, 5, 5, 5, 5, 4, 5, 5, 6, 6, 6, 6, 6, 6, 6, 7, 6, 1
271, 5, 4, 5, 6, 6, 6, 6, 6, 5, 5, 5, 7, 7, 2, 6, 6, 5, 6, 6, 5, 5, 5, 6, 5, 5, 6, 6, 6, 6, 6, 6, 6, 6, 6, 6, 1
272, 4, 4, 3, 5, 5, 5, 5, 5, 4, 5, 5, 6, 6, 2, 6, 6, 5, 6, 6, 4, 4, 3, 5, 5, 5, 5, 6, 6, 6, 6, 6, 6, 6, 6, 6, 1
273, 3, 4, 3, 5, 5, 4, 4, 4, 3, 4, 4, 6, 6, 2, 5, 4, 4, 5, 5, 3, 3, 3, 5, 4, 5, 5, 6, 5, 5, 5, 5, 6, 6, 6, 6, 1
274, 6, 5, 5, 6, 6, 6, 6, 6, 6, 6, 6, 6, 6, 2, 6, 6, 6, 6, 6, 6, 6, 6, 6, 6, 6, 6, 6, 6, 6, 6, 6, 6, 6, 6, 6, 1
275, 4, 4, 3, 6, 6, 5, 5, 5, 5, 5, 5, 6, 6, 2, 5, 5, 5, 5, 5, 5, 5, 4, 6, 5, 5, 6, 6, 6, 6, 6, 6, 6, 6, 6, 6, 1
276, 5, 3, 3, 6, 6, 5, 5, 5, 5, 5, 5, 7, 7, 2, 6, 5, 5, 6, 5, 4, 4, 4, 6, 6, 6, 6, 6, 6, 6, 6, 6, 6, 6, 6, 6, 1
278, 5, 4, 3, 5, 5, 5, 5, 5, 4, 6, 5, 6, 6, 2, 5, 5, 5, 5, 6, 4, 4, 4, 6, 6, 6, 6, 6, 6, 6, 6, 6, 6, 6, 6, 6, 1
279, 4, 4, 3, 5, 5, 4, 4, 4, 4, 5, 4, 6, 5, 2, 5, 5, 4, 5, 6, 4, 4, 3, 5, 5, 5, 6, 6, 5, 5, 5, 6, 6, 6, 6, 6, 1
280, 4, 4, 4, 6, 6, 5, 5, 5, 5, 5, 5, 7, 7, 2, 6, 6, 5, 5, 7, 5, 5, 4, 6, 6, 6, 7, 6, 6, 6, 6, 5, 6, 6, 6, 6, 1
281, 4, 4, 3, 5, 5, 5, 5, 5, 5, 5, 5, 6, 6, 2, 6, 5, 6, 6, 6, 5, 4, 4, 6, 4, 6, 6, 6, 6, 6, 6, 6, 6, 6, 6, 6, 1
282, 4, 4, 4, 5, 5, 5, 5, 5, 5, 5, 5, 6, 6, 2, 6, 6, 5, 6, 6, 5, 5, 4, 6, 5, 6, 6, 6, 6, 6, 6, 6, 6, 6, 6, 6, 1
283, 4, 2, 4, 6, 6, 4, 4, 4, 4, 6, 6, 7, 7, 2, 6, 6, 6, 6, 6, 6, 4, 4, 6, 6, 6, 7, 6, 6, 6, 6, 6, 6, 6, 6, 6, 1
284, 4, 3, 2, 6, 5, 5, 3, 5, 4, 4, 4, 7, 7, 2, 6, 6, 5, 5, 7, 5, 3, 2, 6, 4, 5, 5, 6, 6, 6, 6, 6, 6, 6, 7, 6, 1
286, 5, 4, 6, 6, 6, 6, 6, 6, 5, 5, 5, 6, 6, 2, 6, 5, 5, 5, 6, 5, 5, 5, 5, 4, 5, 5, 6, 6, 6, 6, 6, 6, 6, 6, 6, 1
287, 3, 2, 2, 4, 5, 4, 4, 4, 3, 5, 4, 7, 7, 1, 6, 6, 5, 6, 7, 3, 3, 3, 5, 5, 5, 6, 7, 6, 6, 6, 6, 6, 6, 7, 6, 1
288, 5, 4, 4, 6, 5, 5, 5, 5, 5, 5, 5, 6, 6, 2, 6, 5, 5, 5, 6, 5, 5, 4, 6, 5, 6, 6, 6, 6, 6, 6, 6, 6, 6, 6, 6, 1
289, 4, 4, 4, 6, 6, 6, 6, 6, 4, 6, 6, 6, 6, 1, 6, 4, 4, 4, 6, 4, 4, 4, 6, 6, 6, 6, 6, 6, 6, 6, 6, 6, 6, 6, 6, 1
290, 4, 3, 3, 5, 5, 5, 4, 5, 4, 5, 4, 6, 6, 2, 6, 5, 5, 5, 6, 4, 4, 3, 5, 5, 5, 5, 6, 6, 6, 6, 6, 6, 6, 6, 6, 1
291, 5, 5, 5, 6, 6, 6, 6, 6, 5, 6, 6, 6, 6, 2, 6, 6, 5, 6, 6, 5, 5, 5, 6, 5, 6, 6, 6, 6, 6, 6, 6, 6, 6, 6, 6, 1
292, 3, 3, 3, 5, 5, 4, 3, 4, 3, 5, 4, 6, 6, 2, 6, 5, 5, 5, 6, 3, 3, 3, 4, 4, 4, 5, 6, 6, 6, 6, 5, 5, 5, 6, 5, 1
293, 5, 3, 2, 5, 5, 4, 3, 4, 3, 5, 5, 7, 7, 2, 6, 6, 5, 6, 7, 4, 4, 3, 6, 5, 6, 6, 6, 6, 6, 6, 6, 6, 6, 7, 6, 1
294, 4, 3, 3, 6, 6, 5, 5, 5, 5, 5, 4, 6, 6, 2, 5, 5, 4, 5, 5, 4, 3, 3, 6, 2, 6, 6, 6, 6, 6, 6, 5, 5, 5, 5, 5, 1
295, 5, 4, 4, 6, 6, 5, 5, 5, 5, 5, 5, 6, 6, 2, 6, 5, 5, 5, 6, 5, 5, 4, 5, 5, 5, 6, 6, 6, 6, 6, 5, 5, 6, 6, 6, 1
296, 5, 4, 4, 6, 6, 5, 5, 5, 4, 5, 5, 6, 6, 2, 6, 6, 6, 6, 6, 5, 5, 4, 5, 5, 6, 6, 6, 6, 6, 6, 6, 6, 6, 6, 6, 1
297, 4, 5, 3, 6, 6, 5, 5, 5, 4, 5, 5, 7, 7, 2, 6, 6, 6, 6, 7, 3, 3, 4, 6, 5, 6, 6, 6, 6, 7, 6, 7, 7, 7, 7, 7, 1
298, 4, 4, 3, 5, 6, 5, 5, 5, 4, 5, 4, 7, 6, 1, 6, 6, 5, 6, 6, 5, 5, 4, 6, 5, 5, 6, 6, 6, 6, 6, 6, 6, 6, 6, 6, 1
299, 5, 3, 3, 5, 5, 5, 4, 5, 4, 5, 5, 7, 7, 1, 6, 6, 5, 6, 6, 4, 4, 3, 6, 6, 5, 6, 6, 6, 6, 6, 6, 6, 6, 6, 6, 1
300, 3, 2, 3, 5, 5, 3, 3, 4, 3, 5, 4, 6, 6, 1, 6, 5, 5, 5, 6, 4, 4, 2, 5, 4, 5, 5, 6, 5, 5, 6, 6, 6, 6, 6, 5, 1
301, 5, 4, 4, 5, 5, 5, 5, 5, 5, 5, 5, 6, 6, 2, 6, 6, 6, 6, 6, 5, 5, 4, 6, 5, 6, 6, 6, 6, 6, 6, 6, 6, 6, 6, 6, 1
302, 4, 3, 3, 5, 5, 5, 4, 5, 4, 5, 4, 6, 6, 2, 5, 5, 5, 5, 6, 4, 3, 4, 6, 5, 6, 6, 6, 6, 6, 6, 6, 6, 6, 6, 6, 1
303, 4, 3, 3, 5, 5, 5, 4, 5, 4, 5, 4, 6, 6, 2, 5, 5, 5, 5, 6, 4, 4, 3, 5, 5, 5, 5, 6, 6, 6, 6, 6, 6, 6, 6, 6, 1
304, 4, 3, 3, 5, 5, 4, 4, 4, 4, 4, 5, 7, 6, 2, 5, 5, 3, 4, 6, 5, 6, 3, 6, 5, 5, 6, 6, 6, 6, 6, 5, 6, 5, 6, 6, 1
305, 4, 3, 3, 5, 5, 4, 4, 5, 3, 5, 5, 6, 6, 2, 5, 5, 4, 4, 6, 4, 4, 3, 6, 6, 6, 6, 6, 6, 6, 6, 5, 5, 6, 6, 5, 1
306, 5, 5, 4, 6, 6, 6, 6, 6, 5, 5, 5, 7, 7, 2, 7, 6, 6, 6, 7, 5, 5, 5, 6, 5, 6, 6, 6, 6, 6, 6, 6, 6, 6, 7, 6, 1
307, 4, 3, 4, 5, 5, 5, 5, 5, 4, 5, 5, 7, 7, 2, 6, 6, 5, 6, 7, 4, 4, 3, 6, 4, 6, 6, 6, 6, 6, 6, 6, 6, 6, 7, 7, 1
308, 4, 3, 4, 5, 5, 5, 5, 5, 5, 5, 5, 6, 6, 2, 6, 6, 6, 6, 6, 5, 5, 4, 6, 5, 5, 6, 6, 6, 6, 6, 6, 6, 6, 6, 6, 1
309, 5, 4, 4, 6, 6, 6, 6, 6, 5, 5, 5, 7, 7, 2, 6, 5, 5, 5, 6, 5, 5, 5, 6, 6, 6, 6, 6, 6, 6, 6, 6, 6, 6, 6, 6, 1
311, 3, 3, 2, 5, 5, 4, 4, 4, 4, 5, 4, 6, 6, 2, 6, 5, 5, 5, 6, 3, 3, 4, 6, 5, 5, 6, 6, 6, 6, 6, 6, 6, 6, 6, 6, 1
312, 4, 3, 2, 6, 5, 5, 5, 5, 5, 5, 5, 6, 6, 2, 5, 5, 4, 5, 6, 4, 4, 3, 6, 5, 6, 6, 6, 6, 6, 6, 5, 6, 6, 6, 5, 1
313, 4, 3, 3, 5, 5, 5, 5, 5, 4, 6, 4, 6, 6, 2, 6, 6, 5, 6, 6, 4, 4, 3, 5, 4, 4, 5, 6, 6, 6, 6, 5, 5, 5, 6, 5, 1
314, 5, 4, 3, 5, 5, 5, 5, 5, 5, 5, 5, 6, 6, 2, 5, 4, 4, 5, 6, 4, 4, 3, 5, 5, 6, 6, 6, 6, 6, 6, 6, 6, 6, 6, 6, 1
315, 4, 3, 4, 5, 5, 6, 5, 6, 4, 5, 5, 7, 7, 2, 6, 6, 6, 6, 6, 4, 3, 3, 6, 4, 5, 5, 6, 6, 6, 6, 6, 6, 6, 7, 6, 1
316, 4, 3, 3, 6, 6, 5, 5, 5, 5, 5, 5, 6, 6, 2, 6, 5, 5, 5, 6, 5, 4, 4, 6, 4, 6, 6, 6, 6, 6, 6, 6, 6, 6, 6, 6, 1
318, 4, 4, 3, 5, 6, 4, 3, 4, 5, 5, 5, 7, 7, 1, 6, 5, 5, 5, 6, 4, 3, 3, 5, 5, 5, 5, 6, 6, 6, 6, 5, 6, 6, 6, 6, 1
319, 3, 3, 2, 5, 4, 3, 3, 4, 4, 4, 4, 6, 6, 1, 5, 5, 5, 5, 6, 4, 3, 2, 6, 5, 6, 6, 6, 5, 5, 5, 5, 6, 6, 6, 5, 1
320, 4, 4, 3, 5, 5, 4, 5, 4, 4, 4, 4, 7, 6, 1, 5, 5, 5, 5, 6, 4, 4, 3, 6, 6, 5, 6, 6, 6, 6, 6, 5, 5, 5, 6, 5, 1
321, 4, 3, 3, 5, 5, 5, 4, 5, 3, 5, 5, 7, 6, 2, 6, 6, 5, 5, 7, 5, 4, 4, 6, 4, 6, 6, 7, 6, 6, 6, 5, 6, 6, 7, 6, 1
322, 4, 4, 3, 6, 6, 6, 6, 6, 5, 6, 6, 7, 6, 2, 6, 6, 5, 6, 7, 5, 5, 4, 6, 5, 6, 6, 7, 6, 6, 6, 7, 7, 7, 7, 7, 1
323, 5, 5, 5, 6, 6, 6, 6, 6, 6, 6, 6, 6, 6, 2, 6, 6, 6, 6, 6, 6, 6, 5, 6, 5, 6, 6, 6, 6, 6, 6, 6, 6, 6, 6, 6, 1
324, 4, 4, 3, 6, 6, 5, 5, 5, 5, 5, 5, 6, 6, 2, 6, 5, 5, 5, 6, 5, 5, 4, 6, 4, 6, 6, 6, 6, 6, 6, 5, 5, 6, 5, 5, 1
325, 4, 4, 3, 6, 6, 6, 5, 6, 5, 6, 5, 6, 6, 2, 6, 5, 5, 6, 6, 5, 5, 4, 5, 4, 5, 6, 6, 6, 6, 6, 5, 5, 5, 5, 5, 1
326, 5, 5, 3, 6, 6, 6, 6, 6, 5, 5, 5, 7, 7, 2, 6, 5, 5, 5, 6, 5, 5, 4, 6, 4, 6, 6, 6, 6, 6, 6, 6, 6, 6, 6, 6, 1
327, 5, 4, 6, 6, 6, 5, 5, 5, 5, 5, 5, 6, 6, 2, 6, 6, 5, 6, 6, 5, 5, 5, 6, 5, 5, 6, 6, 6, 6, 6, 6, 6, 6, 6, 6, 1
328, 4, 3, 3, 6, 6, 5, 5, 6, 5, 5, 5, 6, 6, 2, 6, 6, 5, 5, 6, 5, 5, 4, 6, 5, 5, 6, 6, 6, 6, 6, 6, 6, 6, 6, 6, 1
330, 5, 3, 3, 5, 5, 5, 4, 5, 4, 5, 5, 7, 6, 2, 6, 6, 5, 6, 6, 4, 4, 3, 5, 5, 6, 6, 6, 6, 6, 6, 6, 6, 6, 6, 6, 1
331, 4, 4, 3, 5, 5, 5, 5, 5, 5, 5, 5, 7, 6, 2, 5, 5, 4, 5, 6, 5, 5, 4, 6, 5, 6, 6, 6, 6, 6, 6, 6, 6, 6, 6, 6, 1
332, 5, 4, 4, 6, 6, 6, 6, 6, 5, 5, 6, 7, 7, 2, 6, 5, 5, 5, 6, 5, 5, 5, 6, 5, 6, 6, 6, 6, 6, 6, 6, 6, 6, 6, 6, 1
333, 3, 2, 2, 5, 4, 5, 4, 4, 3, 4, 5, 7, 7, 1, 7, 6, 6, 6, 7, 4, 3, 2, 5, 5, 6, 6, 7, 6, 7, 6, 6, 7, 6, 7, 6, 1
334, 4, 3, 3, 5, 5, 5, 5, 5, 5, 5, 5, 6, 6, 2, 6, 5, 5, 5, 6, 4, 4, 3, 6, 5, 6, 6, 6, 6, 6, 6, 6, 6, 6, 6, 6, 1
335, 4, 3, 3, 5, 5, 4, 4, 4, 4, 5, 4, 6, 6, 2, 5, 5, 4, 5, 6, 3, 3, 3, 6, 5, 6, 6, 6, 6, 6, 6, 5, 6, 5, 6, 5, 1
336, 3, 2, 2, 5, 5, 4, 3, 4, 3, 5, 4, 7, 7, 2, 5, 5, 4, 5, 6, 4, 3, 3, 6, 4, 5, 5, 6, 6, 6, 6, 6, 6, 6, 6, 6, 1
337, 4, 4, 4, 5, 5, 5, 5, 5, 5, 5, 5, 7, 7, 1, 6, 6, 5, 6, 6, 5, 4, 5, 6, 6, 6, 6, 6, 6, 6, 6, 6, 6, 6, 6, 6, 1
338, 4, 3, 3, 6, 5, 6, 5, 5, 5, 5, 5, 7, 6, 2, 6, 6, 4, 5, 7, 5, 4, 5, 6, 4, 6, 6, 6, 6, 6, 6, 6, 7, 6, 7, 6, 1
339, 5, 4, 4, 5, 5, 5, 5, 5, 5, 5, 5, 6, 6, 2, 5, 5, 5, 5, 6, 4, 4, 4, 6, 5, 6, 6, 6, 6, 6, 6, 6, 6, 6, 6, 6, 1
340, 4, 3, 3, 5, 5, 5, 5, 5, 4, 5, 5, 6, 6, 2, 6, 5, 5, 5, 6, 4, 4, 4, 6, 5, 5, 6, 6, 6, 6, 6, 6, 6, 6, 6, 6, 1
341, 5, 4, 3, 5, 6, 5, 5, 5, 4, 6, 5, 7, 7, 2, 6, 6, 5, 6, 7, 4, 3, 4, 6, 4, 6, 6, 6, 6, 6, 6, 6, 6, 6, 7, 6, 1
342, 4, 4, 4, 6, 6, 6, 5, 6, 5, 6, 6, 7, 7, 2, 6, 6, 5, 6, 6, 5, 5, 4, 6, 5, 6, 6, 6, 6, 6, 6, 5, 6, 6, 6, 6, 1
343, 4, 4, 3, 6, 5, 5, 5, 5, 4, 5, 5, 7, 7, 2, 6, 6, 5, 6, 6, 5, 4, 3, 6, 6, 6, 6, 6, 6, 6, 6, 6, 6, 6, 6, 6, 1
344, 5, 3, 3, 6, 6, 6, 6, 6, 6, 6, 6, 6, 6, 1, 6, 6, 6, 6, 6, 6, 6, 5, 6, 6, 6, 6, 6, 6, 6, 6, 6, 6, 6, 6, 6, 1
345, 4, 3, 4, 6, 6, 5, 5, 5, 4, 5, 5, 6, 6, 2, 5, 5, 5, 5, 5, 4, 4, 4, 5, 4, 5, 5, 6, 6, 6, 6, 6, 6, 6, 6, 6, 1
346, 5, 3, 3, 5, 5, 4, 4, 4, 4, 5, 5, 7, 7, 2, 6, 6, 5, 5, 7, 4, 3, 4, 6, 6, 5, 6, 6, 6, 6, 6, 6, 6, 6, 7, 6, 1
347, 5, 4, 4, 6, 6, 6, 6, 6, 5, 5, 5, 7, 7, 2, 6, 6, 6, 6, 6, 5, 5, 5, 6, 4, 5, 5, 6, 6, 5, 6, 6, 6, 6, 6, 6, 1
348, 5, 4, 5, 6, 6, 5, 5, 5, 5, 5, 5, 6, 6, 2, 6, 6, 5, 6, 6, 5, 5, 4, 6, 6, 6, 6, 6, 6, 6, 6, 6, 6, 6, 6, 6, 1
349, 4, 3, 4, 6, 6, 5, 5, 5, 4, 5, 5, 6, 6, 2, 5, 5, 5, 5, 5, 4, 5, 4, 6, 4, 5, 5, 6, 6, 6, 6, 6, 6, 6, 7, 6, 1
350, 5, 4, 4, 6, 6, 5, 5, 5, 4, 5, 5, 6, 6, 2, 6, 6, 6, 6, 6, 5, 5, 4, 6, 5, 5, 6, 6, 6, 6, 6, 6, 6, 6, 6, 6, 1
351, 5, 3, 4, 6, 6, 6, 6, 6, 5, 5, 5, 7, 7, 2, 6, 5, 5, 6, 7, 5, 5, 4, 6, 5, 6, 7, 7, 6, 6, 7, 6, 6, 6, 7, 6, 1
352, 4, 3, 3, 5, 5, 4, 4, 5, 4, 5, 4, 7, 7, 2, 6, 5, 5, 5, 6, 4, 5, 3, 6, 5, 5, 6, 6, 6, 6, 6, 5, 6, 6, 6, 6, 1
353, 4, 3, 3, 6, 6, 6, 6, 5, 4, 5, 5, 6, 6, 2, 5, 5, 4, 5, 6, 4, 4, 4, 5, 5, 5, 6, 6, 5, 5, 6, 5, 6, 6, 6, 6, 1
354, 4, 3, 3, 5, 5, 5, 5, 5, 5, 4, 4, 6, 6, 2, 6, 6, 5, 5, 6, 4, 4, 3, 5, 4, 5, 5, 6, 5, 5, 5, 6, 6, 6, 6, 6, 1
355, 5, 4, 5, 6, 6, 6, 6, 6, 6, 6, 6, 7, 7, 2, 7, 7, 6, 7, 7, 6, 6, 5, 7, 6, 7, 7, 7, 6, 6, 7, 7, 7, 6, 7, 7, 1
356, 5, 4, 3, 6, 6, 5, 5, 5, 5, 5, 5, 7, 7, 1, 6, 6, 5, 6, 6, 4, 4, 4, 6, 5, 6, 6, 6, 6, 6, 6, 6, 6, 6, 6, 6, 1
357, 5, 4, 4, 6, 6, 5, 5, 5, 5, 5, 5, 6, 6, 2, 6, 5, 5, 5, 6, 5, 5, 4, 6, 5, 5, 6, 6, 6, 6, 6, 6, 6, 6, 6, 6, 1
360, 5, 4, 3, 5, 5, 4, 5, 4, 4, 6, 5, 7, 7, 1, 7, 6, 6, 6, 7, 4, 5, 3, 6, 6, 6, 7, 7, 6, 6, 6, 6, 6, 6, 7, 6, 1
361, 5, 5, 4, 6, 6, 6, 6, 6, 5, 6, 5, 6, 6, 2, 6, 5, 5, 5, 6, 5, 5, 5, 6, 5, 6, 6, 6, 6, 6, 6, 6, 6, 6, 6, 6, 1
362, 4, 4, 3, 5, 5, 5, 5, 5, 4, 5, 5, 6, 6, 2, 6, 6, 5, 6, 6, 4, 4, 3, 5, 4, 5, 5, 6, 6, 6, 6, 5, 5, 6, 6, 5, 1
363, 5, 5, 5, 6, 6, 5, 6, 6, 5, 6, 6, 6, 6, 2, 6, 6, 6, 6, 6, 6, 6, 5, 6, 4, 6, 6, 6, 6, 6, 6, 6, 6, 6, 6, 6, 1
364, 3, 2, 3, 4, 4, 3, 3, 3, 3, 4, 4, 7, 6, 2, 5, 5, 4, 4, 6, 4, 3, 3, 5, 5, 5, 6, 6, 6, 5, 6, 5, 6, 6, 6, 5, 1
366, 4, 3, 3, 6, 6, 5, 5, 5, 5, 5, 5, 7, 7, 2, 5, 6, 4, 5, 6, 4, 4, 3, 6, 6, 6, 7, 6, 5, 6, 6, 5, 6, 6, 6, 5, 1
367, 5, 4, 4, 6, 6, 6, 6, 6, 5, 5, 5, 6, 6, 2, 6, 6, 5, 6, 6, 6, 6, 5, 6, 5, 6, 6, 6, 6, 6, 6, 6, 6, 6, 6, 6, 1
368, 4, 4, 2, 5, 4, 4, 3, 3, 2, 5, 3, 6, 6, 2, 5, 5, 5, 4, 6, 3, 3, 3, 5, 4, 5, 6, 6, 6, 6, 6, 6, 6, 6, 6, 6, 1
369, 3, 2, 2, 4, 3, 3, 3, 3, 4, 4, 4, 6, 6, 2, 6, 6, 5, 6, 6, 3, 3, 2, 5, 5, 5, 5, 6, 6, 6, 6, 6, 6, 6, 6, 6, 1
370, 3, 3, 3, 5, 5, 3, 3, 3, 4, 5, 4, 6, 6, 2, 5, 5, 4, 5, 6, 4, 3, 2, 6, 5, 6, 6, 6, 6, 5, 6, 6, 6, 6, 6, 6, 1
371, 5, 4, 4, 6, 6, 6, 6, 6, 5, 5, 5, 7, 7, 2, 6, 6, 5, 6, 6, 5, 4, 3, 6, 5, 6, 6, 6, 6, 6, 6, 6, 7, 7, 7, 7, 1
373, 4, 4, 3, 5, 5, 5, 5, 5, 5, 5, 5, 6, 6, 1, 5, 5, 5, 5, 6, 4, 4, 4, 6, 5, 6, 6, 6, 6, 6, 6, 6, 6, 6, 6, 6, 1
374, 4, 3, 3, 6, 5, 5, 5, 5, 5, 5, 5, 7, 6, 2, 6, 6, 5, 6, 7, 6, 5, 4, 6, 5, 6, 7, 6, 6, 6, 6, 6, 6, 6, 7, 6, 1
375, 5, 4, 4, 6, 6, 6, 6, 6, 5, 6, 6, 6, 6, 2, 6, 6, 6, 6, 6, 6, 6, 5, 6, 5, 6, 7, 7, 6, 6, 7, 6, 6, 6, 6, 6, 2
376, 4, 4, 3, 6, 6, 5, 5, 5, 4, 5, 5, 7, 7, 2, 6, 5, 5, 5, 6, 4, 4, 3, 5, 4, 5, 5, 6, 6, 6, 6, 6, 6, 6, 6, 5, 1
377, 4, 3, 3, 6, 5, 5, 5, 5, 4, 5, 5, 6, 5, 2, 6, 6, 5, 6, 6, 5, 5, 4, 5, 4, 5, 6, 6, 6, 6, 6, 6, 6, 6, 6, 6, 1
378, 3, 3, 3, 4, 4, 4, 3, 3, 4, 5, 5, 7, 6, 1, 6, 5, 5, 6, 7, 3, 3, 4, 6, 5, 5, 6, 7, 7, 6, 7, 6, 6, 6, 7, 6, 1
379, 4, 4, 3, 6, 6, 5, 5, 5, 5, 6, 6, 7, 7, 1, 6, 5, 5, 5, 6, 5, 5, 4, 6, 5, 6, 6, 6, 6, 6, 6, 6, 6, 6, 6, 6, 1
380, 4, 3, 4, 6, 6, 5, 5, 5, 5, 5, 5, 6, 6, 2, 6, 5, 5, 5, 6, 4, 4, 4, 6, 5, 5, 6, 6, 6, 6, 6, 6, 6, 6, 6, 6, 1
381, 4, 4, 4, 6, 6, 5, 5, 5, 4, 5, 4, 7, 7, 2, 6, 6, 5, 6, 6, 5, 4, 4, 5, 5, 5, 5, 6, 6, 6, 6, 6, 6, 6, 6, 6, 1
382, 5, 5, 5, 6, 6, 6, 6, 6, 5, 6, 5, 7, 6, 2, 6, 6, 6, 6, 7, 5, 5, 5, 6, 4, 5, 6, 6, 6, 6, 6, 6, 6, 6, 7, 6, 1
383, 4, 4, 3, 5, 5, 5, 4, 5, 4, 5, 4, 6, 6, 2, 6, 6, 5, 5, 6, 5, 5, 4, 6, 6, 6, 6, 6, 6, 6, 6, 6, 6, 6, 6, 6, 1
384, 5, 4, 4, 6, 5, 5, 5, 5, 4, 5, 5, 6, 6, 2, 5, 5, 5, 5, 6, 5, 5, 4, 6, 5, 6, 6, 6, 6, 6, 6, 6, 6, 6, 6, 6, 1
385, 4, 3, 2, 5, 5, 3, 3, 3, 3, 5, 4, 7, 7, 1, 6, 6, 5, 6, 7, 4, 4, 4, 6, 5, 5, 6, 6, 6, 6, 6, 6, 7, 7, 7, 7, 1
386, 5, 4, 4, 6, 6, 6, 6, 6, 5, 6, 6, 6, 6, 2, 6, 6, 6, 6, 6, 5, 5, 5, 5, 5, 6, 6, 6, 6, 6, 6, 5, 5, 5, 5, 5, 1
387, 3, 2, 2, 4, 5, 3, 2, 3, 3, 4, 4, 6, 6, 1, 5, 5, 4, 5, 6, 2, 3, 2, 6, 5, 6, 6, 6, 6, 6, 6, 6, 5, 5, 6, 5, 1
388, 4, 3, 3, 5, 5, 5, 5, 5, 4, 6, 5, 7, 7, 1, 7, 6, 5, 6, 7, 5, 5, 4, 6, 6, 6, 6, 7, 6, 6, 7, 6, 6, 6, 7, 6, 1
389, 5, 4, 3, 6, 5, 5, 5, 5, 5, 5, 5, 6, 6, 2, 6, 5, 5, 6, 6, 5, 4, 4, 6, 5, 5, 5, 6, 6, 6, 6, 6, 6, 6, 6, 6, 1
390, 3, 3, 3, 5, 5, 4, 4, 4, 3, 5, 5, 6, 6, 2, 5, 5, 4, 5, 6, 4, 4, 3, 5, 5, 5, 6, 6, 6, 6, 6, 5, 5, 5, 6, 5, 1
392, 3, 2, 2, 6, 5, 5, 5, 5, 4, 5, 4, 7, 7, 1, 5, 5, 4, 5, 5, 3, 3, 2, 4, 4, 4, 5, 6, 6, 6, 6, 6, 6, 6, 6, 6, 1
393, 5, 4, 3, 6, 6, 5, 5, 5, 5, 5, 5, 6, 6, 2, 6, 5, 5, 5, 6, 4, 4, 4, 6, 6, 6, 6, 6, 6, 6, 6, 6, 6, 6, 6, 6, 1
395, 4, 2, 3, 4, 4, 3, 4, 3, 3, 4, 3, 6, 6, 2, 5, 5, 5, 4, 6, 6, 4, 3, 5, 4, 4, 5, 6, 5, 5, 5, 5, 6, 6, 7, 6, 1
396, 5, 4, 4, 6, 6, 6, 6, 6, 5, 5, 5, 6, 6, 2, 6, 6, 6, 6, 6, 5, 5, 4, 6, 5, 6, 6, 6, 6, 6, 6, 5, 5, 5, 5, 5, 1
397, 5, 5, 3, 6, 6, 5, 5, 5, 5, 5, 5, 7, 7, 2, 6, 5, 5, 5, 6, 4, 4, 4, 6, 5, 6, 6, 6, 6, 6, 6, 6, 6, 7, 7, 6, 1
398, 5, 5, 5, 6, 6, 6, 6, 5, 5, 6, 6, 7, 6, 2, 7, 6, 6, 6, 7, 5, 5, 5, 6, 6, 6, 7, 7, 7, 7, 7, 6, 6, 6, 7, 6, 1
399, 5, 4, 3, 6, 6, 5, 5, 5, 5, 6, 5, 7, 7, 2, 6, 6, 5, 5, 6, 5, 5, 5, 6, 5, 6, 6, 6, 6, 6, 6, 6, 6, 6, 6, 6, 1
400, 4, 3, 3, 5, 5, 4, 4, 5, 4, 5, 5, 6, 6, 2, 6, 5, 4, 5, 6, 3, 4, 3, 6, 5, 5, 6, 6, 6, 6, 6, 5, 5, 5, 6, 5, 1
401, 4, 3, 3, 5, 5, 5, 5, 5, 5, 5, 5, 6, 6, 2, 5, 5, 5, 5, 5, 4, 4, 4, 5, 4, 5, 6, 6, 6, 6, 6, 6, 6, 6, 6, 6, 1
402, 4, 3, 4, 6, 6, 5, 6, 5, 5, 5, 5, 6, 6, 2, 6, 5, 5, 5, 6, 5, 4, 4, 6, 5, 5, 6, 6, 6, 6, 6, 6, 6, 6, 6, 6, 1
403, 4, 4, 3, 6, 6, 5, 5, 5, 5, 5, 5, 6, 6, 2, 6, 5, 5, 5, 6, 4, 4, 3, 6, 6, 5, 6, 6, 6, 6, 6, 6, 6, 6, 6, 6, 1
404, 4, 4, 3, 6, 6, 6, 6, 6, 5, 5, 5, 7, 7, 2, 6, 5, 5, 5, 6, 5, 5, 4, 5, 4, 5, 6, 6, 6, 6, 6, 6, 6, 6, 6, 6, 1
405, 5, 4, 4, 6, 6, 5, 5, 5, 5, 5, 5, 6, 6, 2, 6, 5, 5, 5, 6, 4, 5, 4, 6, 4, 5, 6, 6, 6, 6, 6, 6, 6, 6, 6, 6, 1
406, 5, 4, 4, 6, 6, 5, 5, 5, 5, 5, 5, 7, 7, 1, 6, 6, 5, 6, 6, 5, 4, 4, 6, 5, 5, 6, 6, 6, 6, 6, 6, 6, 6, 6, 5, 1
407, 5, 4, 4, 6, 6, 5, 5, 5, 4, 5, 5, 7, 7, 1, 6, 6, 5, 6, 7, 4, 4, 4, 6, 6, 6, 6, 6, 6, 6, 6, 6, 7, 7, 7, 7, 1
408, 5, 4, 5, 6, 6, 5, 6, 5, 5, 5, 5, 6, 6, 2, 6, 6, 6, 6, 6, 5, 5, 5, 6, 6, 6, 6, 6, 6, 6, 6, 6, 6, 6, 6, 6, 1
409, 4, 3, 3, 6, 5, 3, 4, 4, 4, 5, 4, 7, 6, 2, 6, 6, 5, 6, 6, 3, 3, 4, 5, 5, 5, 5, 6, 6, 6, 6, 6, 6, 6, 6, 6, 1
410, 4, 3, 3, 5, 5, 4, 4, 4, 4, 5, 5, 6, 6, 2, 5, 5, 5, 5, 6, 4, 4, 3, 6, 5, 6, 6, 6, 6, 5, 6, 6, 6, 6, 6, 6, 1
411, 4, 3, 3, 5, 5, 4, 3, 4, 4, 5, 5, 6, 6, 1, 6, 5, 5, 5, 6, 4, 3, 3, 5, 4, 5, 5, 6, 6, 6, 6, 6, 6, 6, 6, 6, 1
412, 6, 4, 4, 7, 6, 6, 6, 6, 6, 6, 6, 7, 7, 2, 7, 6, 6, 6, 7, 6, 6, 4, 6, 6, 6, 6, 7, 7, 7, 7, 7, 7, 7, 7, 7, 1
413, 5, 4, 4, 6, 6, 6, 6, 6, 5, 5, 5, 6, 6, 2, 5, 5, 5, 5, 6, 5, 5, 4, 6, 5, 6, 6, 6, 6, 6, 6, 6, 6, 6, 6, 6, 1
414, 4, 5, 4, 6, 6, 6, 6, 6, 5, 5, 5, 7, 6, 2, 6, 5, 5, 6, 7, 5, 4, 4, 6, 5, 6, 6, 6, 6, 6, 6, 6, 7, 7, 7, 6, 1
415, 4, 3, 3, 6, 6, 5, 5, 5, 5, 5, 5, 6, 6, 2, 6, 6, 5, 6, 6, 5, 4, 4, 6, 5, 6, 6, 6, 6, 6, 6, 6, 6, 6, 6, 6, 1
416, 5, 4, 4, 6, 6, 5, 5, 5, 5, 5, 5, 6, 6, 2, 6, 6, 6, 6, 6, 5, 5, 4, 6, 5, 6, 6, 6, 6, 6, 6, 6, 6, 6, 6, 6, 1
417, 5, 4, 4, 6, 6, 6, 6, 6, 5, 5, 5, 6, 6, 2, 6, 5, 5, 6, 6, 5, 5, 5, 6, 5, 6, 6, 6, 6, 6, 6, 6, 6, 6, 6, 6, 1
418, 5, 4, 5, 6, 6, 6, 6, 6, 5, 5, 5, 6, 6, 2, 6, 6, 6, 6, 6, 5, 5, 5, 6, 5, 6, 6, 6, 6, 6, 6, 6, 6, 6, 6, 6, 1
419, 4, 3, 3, 6, 6, 4, 5, 5, 4, 5, 4, 7, 7, 2, 5, 5, 4, 5, 6, 5, 4, 3, 6, 5, 5, 5, 7, 6, 6, 7, 6, 6, 6, 6, 6, 1
420, 4, 4, 4, 5, 5, 5, 5, 5, 5, 5, 5, 6, 6, 2, 6, 6, 6, 6, 6, 5, 5, 4, 6, 5, 6, 6, 6, 6, 6, 6, 6, 6, 6, 6, 6, 1
421, 3, 3, 4, 5, 5, 3, 4, 4, 3, 5, 4, 7, 7, 1, 6, 6, 5, 6, 7, 3, 3, 2, 6, 5, 5, 6, 6, 6, 6, 6, 6, 6, 6, 7, 6, 1
422, 5, 4, 4, 7, 6, 6, 6, 6, 5, 5, 5, 6, 6, 2, 6, 5, 5, 6, 6, 5, 5, 4, 6, 5, 6, 6, 6, 6, 5, 6, 5, 6, 6, 6, 6, 1
423, 4, 4, 3, 6, 6, 5, 5, 5, 5, 5, 5, 6, 6, 2, 6, 6, 5, 6, 6, 5, 5, 4, 6, 5, 6, 6, 6, 6, 6, 6, 6, 6, 6, 6, 6, 1
424, 5, 4, 4, 6, 6, 6, 6, 6, 5, 6, 5, 7, 6, 2, 6, 5, 5, 6, 6, 5, 5, 4, 6, 5, 5, 6, 6, 6, 6, 6, 5, 5, 6, 5, 5, 1
425, 5, 5, 5, 6, 6, 6, 6, 6, 6, 6, 6, 6, 6, 2, 6, 6, 6, 6, 6, 5, 5, 5, 6, 5, 6, 6, 6, 6, 6, 6, 6, 6, 6, 6, 6, 1
426, 5, 5, 4, 7, 7, 6, 6, 6, 5, 6, 6, 7, 7, 2, 7, 6, 6, 6, 7, 6, 6, 6, 7, 5, 6, 7, 7, 7, 7, 7, 7, 7, 7, 7, 7, 1
427, 4, 4, 4, 6, 6, 5, 5, 5, 5, 5, 5, 7, 6, 2, 6, 6, 5, 6, 6, 5, 5, 5, 6, 5, 6, 6, 6, 6, 6, 6, 5, 6, 6, 6, 5, 1
428, 4, 4, 3, 5, 6, 5, 5, 5, 4, 5, 5, 6, 6, 2, 6, 6, 6, 6, 6, 3, 4, 3, 5, 4, 5, 5, 6, 6, 6, 6, 5, 5, 6, 6, 6, 1
431, 4, 3, 3, 6, 6, 5, 5, 6, 5, 6, 5, 7, 7, 2, 6, 6, 5, 6, 7, 5, 5, 4, 6, 5, 6, 7, 7, 6, 6, 7, 6, 6, 6, 7, 6, 1
432, 3, 3, 4, 6, 6, 5, 4, 5, 4, 5, 4, 7, 6, 2, 5, 5, 4, 5, 5, 5, 4, 3, 6, 5, 6, 6, 7, 6, 6, 6, 6, 6, 6, 6, 6, 1
433, 5, 4, 5, 6, 6, 5, 5, 5, 5, 5, 5, 6, 6, 2, 6, 6, 6, 5, 6, 5, 5, 5, 6, 5, 6, 6, 6, 6, 6, 6, 6, 6, 6, 6, 6, 1
435, 5, 5, 5, 6, 6, 6, 6, 6, 5, 6, 6, 7, 7, 1, 6, 6, 6, 6, 6, 5, 6, 5, 6, 5, 6, 7, 6, 6, 6, 6, 6, 6, 6, 6, 6, 1
436, 5, 5, 4, 6, 6, 6, 6, 6, 5, 5, 5, 6, 6, 2, 6, 6, 6, 6, 6, 5, 5, 4, 6, 4, 6, 6, 6, 6, 6, 6, 7, 7, 7, 7, 7, 1
438, 5, 5, 4, 6, 6, 6, 6, 6, 5, 5, 6, 6, 6, 1, 6, 6, 6, 6, 6, 6, 5, 5, 6, 5, 6, 6, 6, 6, 6, 6, 6, 6, 6, 6, 6, 1
439, 5, 4, 4, 6, 6, 6, 6, 6, 5, 5, 5, 7, 7, 1, 6, 6, 5, 6, 7, 5, 5, 4, 6, 5, 6, 6, 6, 6, 6, 6, 6, 6, 6, 7, 7, 1
440, 4, 3, 3, 5, 5, 5, 5, 5, 4, 5, 5, 6, 6, 2, 5, 5, 5, 5, 6, 4, 4, 3, 6, 5, 6, 6, 6, 6, 6, 6, 6, 6, 6, 6, 5, 1
442, 5, 4, 5, 6, 6, 6, 5, 6, 5, 5, 5, 7, 7, 2, 6, 6, 6, 6, 6, 5, 5, 5, 6, 5, 5, 6, 6, 6, 6, 6, 6, 6, 6, 6, 6, 1
443, 3, 3, 4, 5, 4, 3, 3, 4, 4, 5, 5, 6, 6, 2, 6, 5, 5, 6, 6, 4, 4, 4, 5, 4, 5, 5, 6, 6, 6, 6, 6, 6, 6, 6, 6, 1
444, 5, 4, 4, 6, 6, 6, 6, 6, 5, 5, 5, 7, 7, 2, 6, 6, 5, 6, 6, 5, 5, 5, 6, 4, 5, 5, 6, 6, 6, 7, 6, 7, 7, 7, 7, 1
445, 4, 4, 2, 6, 6, 6, 6, 6, 6, 6, 6, 6, 6, 2, 6, 6, 6, 6, 6, 6, 6, 4, 6, 6, 6, 6, 6, 6, 6, 6, 6, 6, 6, 6, 6, 1
446, 3, 3, 4, 5, 5, 4, 4, 4, 4, 5, 5, 6, 6, 1, 5, 5, 5, 5, 6, 4, 4, 3, 6, 4, 6, 6, 6, 6, 6, 6, 6, 6, 6, 6, 6, 1
447, 7, 5, 5, 7, 7, 6, 6, 6, 6, 6, 6, 7, 7, 1, 7, 7, 6, 7, 7, 6, 6, 5, 7, 6, 7, 7, 7, 7, 6, 7, 7, 7, 7, 7, 7, 1
448, 4, 3, 4, 5, 5, 4, 3, 4, 3, 5, 5, 6, 6, 2, 6, 5, 4, 5, 6, 4, 4, 3, 5, 5, 5, 5, 6, 6, 6, 6, 5, 5, 6, 6, 6, 1
449, 4, 4, 3, 5, 5, 4, 4, 4, 3, 5, 4, 7, 7, 1, 6, 6, 5, 5, 7, 5, 4, 3, 6, 5, 6, 6, 6, 6, 6, 6, 6, 6, 6, 7, 6, 1
450, 4, 3, 3, 5, 5, 4, 5, 5, 4, 5, 4, 7, 6, 2, 5, 5, 5, 5, 6, 5, 5, 3, 5, 4, 5, 6, 6, 6, 6, 6, 6, 6, 6, 6, 6, 1
451, 5, 3, 2, 4, 5, 4, 4, 5, 3, 5, 4, 7, 7, 2, 6, 5, 5, 6, 6, 4, 4, 3, 6, 5, 5, 6, 6, 6, 6, 6, 6, 6, 6, 6, 6, 1
453, 4, 3, 4, 6, 6, 5, 5, 5, 5, 5, 5, 6, 6, 2, 6, 5, 5, 5, 6, 5, 5, 5, 6, 4, 5, 6, 6, 6, 6, 6, 6, 6, 6, 6, 6, 1
454, 5, 4, 4, 6, 6, 5, 5, 5, 5, 6, 6, 7, 7, 2, 6, 5, 5, 6, 6, 5, 5, 5, 6, 5, 5, 6, 6, 6, 6, 6, 6, 6, 6, 6, 6, 1
